9
0.501320885855 0.498679114145 0.413110462244 0.557083502563 0.0298060351925 3.33570843065e-005 0.452402448301 9.67902282335e-005 0.547467404387
0.584026811789 0.415973188211 0.332574275333 0.64006675326 0.0273589714079 0.0138288958847 0.0150328232911 0.215405390016 0.755732890809
0.514890619139 0.485109380861 0.416195010678 0.559812154104 0.0239928352177 4.72718067895e-005 0.27970880567 5.03216007759e-005 0.720193600922
0.552526408148 0.447473591852 0.264313886088 0.683582856628 0.0521032572842 0.0376444477066 0.00743744499355 0.0103545125999 0.9445635947
0.547215119511 0.452784880489 0.304862188172 0.669638419135 0.0254993926936 0.00119881415601 0.0158791921438 0.00266259032796 0.980259403372
0.500092468242 0.499907531758 0.280319204634 0.663632606048 0.0560481893183 0.000679201250523 0.0167609695956 0.000168424297131 0.982391404857
0.509692261889 0.490307738111 0.314727562885 0.639307155342 0.0459652817735 0.000281484288305 0.16616775381 4.87184345143e-005 0.833502043468
0.473611320403 0.526388679597 0.25003322283 0.70782227043 0.0421445067397 0.00165758939143 0.311074275791 7.89328281632e-005 0.687189201989
0.520764669601 0.479235330399 0.388010170607 0.585477408055 0.0265124213385 0.000228931664844 0.436540520905 0.000677335008382 0.562553212422
0.497760036745 0.502239963255 0.414874564135 0.555090693375 0.0300347424902 9.24952094249e-005 0.466903634881 8.57272672719e-006 0.532995297183
0.577151793883 0.422848206117 0.365530890546 0.607015671725 0.0274534377288 0.0170486858047 0.00181119105902 0.0261231857182 0.955016937418
0.51286038722 0.48713961278 0.330270363989 0.630097857578 0.0396317784334 0.000328317657185 0.0176453630057 3.31843494312e-006 0.982023000902
0.510798096693 0.489201903307 0.32378172035 0.629283471729 0.0469348079217 8.42452618001e-005 0.0228515272633 9.65641444218e-005 0.976967663331
0.518335660996 0.481664339004 0.341148874174 0.611283319381 0.0475678064449 4.97344583178e-005 0.00568720251737 0.000171158225923 0.994091904798
0.522760022985 0.477239977015 0.34941053808 0.609447745734 0.041141716186 2.92418539335e-005 0.0353642820955 0.00144849183438 0.963157984216
0.507749721262 0.492250278738 0.378033077929 0.585933003177 0.0360339188937 2.65465211483e-005 0.13259568158 4.75043010022e-005 0.867330267598
0.502837600651 0.497162399349 0.406731189863 0.564088277947 0.0291805321894 0.00044585180494 0.471042431919 0.000429204740794 0.528082511535
0.505417111853 0.494582888147 0.27327719594 0.647161472466 0.0795613315936 0.000177114502366 0.0018993010457 0.00114908433242 0.99677450012
0.496004356741 0.503995643259 0.332400861523 0.625381984036 0.0422171544406 0.000465470975822 0.197857991792 2.52515900085e-006 0.801674012074
0.4874528846 0.5125471154 0.2745629365 0.674250970557 0.0511860929431 0.00107687251412 0.0113975245834 0.0002092433518 0.987316359551
0.51586711508 0.48413288492 0.319482133284 0.63039906414 0.0501188025759 0.000102850826648 0.00653288624203 0.0026245548294 0.990739708102
0.532427312187 0.467572687813 0.365022560625 0.596763448811 0.0382139905637 0.000123901303761 0.00283145882651 0.00524268097298 0.991801958897
0.503749186151 0.496250813849 0.420175048174 0.550737033044 0.029087918782 0.000152778046375 0.585088346967 0.00142012673487 0.413338748251
0.513640833498 0.486359166502 0.349249368758 0.614381173427 0.0363694578149 0.000147424971795 0.0518993840662 4.18455160115e-005 0.947911345446
0.615800007397 0.384199992603 0.293823631467 0.686162654285 0.0200137142479 0.0171783881083 0.00625901557151 0.0466158986393 0.929946697681
0.52948701116 0.47051298884 0.364713639754 0.602642400515 0.0326439597309 0.000171621494889 0.00587920847791 0.00311544593454 0.990833724093
0.60477146569 0.39522853431 0.256989375671 0.688862361227 0.0541482631013 0.0373213653006 0.00316522971537 0.123207747726 0.836305657258
0.498991710157 0.501008289843 0.25968912927 0.661511474931 0.0787993957998 0.000274546391051 0.00160840452103 5.34515097622e-005 0.998063597578
0.499960449527 0.500039550473 0.307208400492 0.650439653384 0.0423519461245 0.000767119913318 0.0370787011943 3.3445366463e-005 0.962120733526
0.533654190774 0.466345809226 0.389952718676 0.580003083565 0.0300441977593 0.00178690287236 0.00824330551431 0.0672981414162 0.922671650197
0.497294361426 0.502705638574 0.290855922431 0.661209340622 0.0479347369462 0.001035095573 0.0136515954147 0.000723218690491 0.984590090322
0.495655319171 0.504344680829 0.414200209217 0.550781283087 0.0350185076953 2.69298398467e-005 0.329742159984 0.00300294116094 0.667227969015
0.556149849912 0.443850150088 0.394126976649 0.582767230414 0.0231057929367 0.000564005188848 0.000896141577836 0.0218332675327 0.976706585701
0.505744375587 0.494255624413 0.30898641971 0.64052345531 0.0504901249803 9.57295711772e-005 0.0233072642629 1.01021155514e-005 0.97658690405
0.535571634798 0.464428365202 0.414910207519 0.565527268472 0.0195625240095 7.33814023692e-005 0.0704512070608 0.0815355944083 0.847939817128
0.563397140757 0.436602859243 0.305704743531 0.65436592956 0.0399293269091 0.0311895457711 0.00267207691712 0.0119723554902 0.954166021822
0.508486595373 0.491513404627 0.324470983923 0.63390580347 0.0416232126074 0.000312117439939 0.0248876765975 0.000260071420468 0.974540134542
0.491221683981 0.508778316019 0.281709934946 0.671994331707 0.0462957333471 0.000884365170479 0.0212154304222 8.16696067725e-005 0.977818534801
0.496073314054 0.503926685946 0.427547156843 0.542850568392 0.0296022747648 4.99882117351e-005 0.583683996908 9.02772182082e-005 0.416175737662
0.538297183555 0.461702816445 0.385609468282 0.582367220264 0.0320233114539 0.000413377493339 0.00115795502652 0.050364818089 0.948063849391
0.505402312958 0.494597687042 0.389220923231 0.57777055748 0.0330085192891 3.90969882452e-005 0.23767158134 5.34490472212e-005 0.762235872625
0.517891173644 0.482108826356 0.417565922761 0.558052403622 0.0243816736175 0.000278478438421 0.203601523267 0.000154163564262 0.79596583473
0.511969329609 0.488030670391 0.410811947071 0.552745934466 0.0364421184632 0.00357363531576 0.0024281930558 0.00947790235918 0.984520269269
0.509653970277 0.490346029723 0.27678847534 0.642194073132 0.0810174515284 0.000113490532271 0.00240367127322 1.45500682398e-005 0.997468288126
0.499355511643 0.500644488357 0.384003424317 0.576626658654 0.0393699170295 0.000136448162642 0.356341118249 0.000190919563538 0.643331514024
0.587099476359 0.412900523641 0.308490477567 0.662826955088 0.0286825673447 0.0178458723458 0.00485231701032 0.0193764560329 0.957925354611
0.520694618273 0.479305381727 0.385212557316 0.581032928348 0.0337545143365 5.84063412599e-005 0.045368168544 1.25156445557e-005 0.95456090947
0.515969226338 0.484030773662 0.358129513533 0.591929674788 0.0499408116785 0.000104879456289 0.00122858791653 0.00404631708781 0.994620215539
0.628805481406 0.371194518594 0.306725602357 0.678031287918 0.0152431097244 0.00922933935654 0.0101587576056 0.0182209205564 0.962390982482
