9
0.490779271807 0.509220728193 0.326731211601 0.608388097891 0.0648806905086 8.98572119888e-005 0.320093281589 0.000303227246275 0.679513633953
0.505690466884 0.494309533116 0.318944965694 0.622034533683 0.0590205006223 0.00364630689594 0.0346793025687 0.0878010940256 0.87387329651
0.498312918857 0.501687081143 0.319362915427 0.602609254411 0.0780278301618 0.000369229028839 0.223443267567 0.000279147620384 0.775908355784
0.500237809085 0.499762190915 0.245561802354 0.669893879999 0.0845443176476 0.0135931901988 0.0438469563132 0.00189240204422 0.940667451444
0.501965528353 0.498034471647 0.274759657653 0.638006956514 0.087233385833 0.00443264084962 0.015236353394 0.00118329611778 0.979147709639
0.492455960304 0.507544039696 0.237568251564 0.674340400941 0.0880913474951 0.000350800612705 0.0266449010832 0.00016593267618 0.972838365628
0.494660232328 0.505339767672 0.257657544367 0.659597277457 0.0827451781756 0.000311738366491 0.137284538407 -3.1488723888e-006 0.862406872099
0.471114889713 0.528885110287 0.200530306241 0.728803332926 0.0706663608326 0.00271850379941 0.350488531858 0.000411894515063 0.646381069827
0.493239466605 0.506760533395 0.261899357884 0.652410326543 0.0856903155733 0.000240722094102 0.217660773126 0.000364872619396 0.781733632161
0.490239152663 0.509760847337 0.316145257852 0.620086408262 0.0637683338859 0.000185523316565 0.308555760499 9.66811649703e-005 0.691162035019
0.515151103312 0.484848896688 0.317120738248 0.608916870669 0.0739623910831 0.00377929848471 0.00178429110115 0.00645743446129 0.987978975953
0.495771779633 0.504228220367 0.240185230418 0.673234677536 0.0865800920459 0.00182023103029 0.0741709986091 0.000165684310649 0.92384308605
0.497815071028 0.502184928972 0.267752166628 0.640482341626 0.0917654917463 0.000206917658973 0.0442732614595 0.000111338986032 0.955408481895
0.499903283884 0.500096716116 0.269304975481 0.626539970462 0.104155054056 0.000236556169499 0.00751332917707 0.000413591754415 0.991836522899
0.500464231598 0.499535768402 0.261979353372 0.636084939949 0.101935706679 0.00022625491422 0.0384045406369 0.00124991403888 0.96011929041
0.500877477158 0.499122522842 0.308489931085 0.611626029015 0.0798840398994 0.000138895775191 0.0685720631354 7.946604253e-005 0.931209575047
0.491581194224 0.508418805776 0.314859311441 0.619238715178 0.0659019733812 0.000243640988847 0.329242925737 0.000152602089492 0.670360831185
0.496999258022 0.503000741978 0.277370553332 0.620238702349 0.10239074432 0.000117106783876 0.00133633068329 0.00166576191644 0.996880800616
0.497909732006 0.502090267994 0.267115549673 0.663096174521 0.0697882758053 0.000462784090303 0.164780166884 0.000134053694054 0.834622995332
0.484033732764 0.515966267236 0.236450845259 0.663680355714 0.0998687990271 0.00085524466906 0.0156018717726 0.00025608298368 0.983286800575
0.504117539784 0.495882460216 0.273788773787 0.653758785241 0.0724524409716 0.000492287830774 0.0694314216836 0.00109885676512 0.92897743372
0.503341678729 0.496658321271 0.276246000396 0.633517106384 0.0902368932195 0.000593221845185 0.00470218016573 0.00420285437292 0.990501743616
0.494187012429 0.505812987571 0.339554934247 0.590243121114 0.0702019446385 0.000492495298804 0.452789988163 0.00114839071538 0.545569125823
0.49077959558 0.50922040442 0.249380413402 0.647604732956 0.103014853642 0.00026452390502 0.0751308584079 0.000138331334652 0.924466286352
0.523537115244 0.476462884756 0.287792035518 0.626147161537 0.0860608029454 0.00124109182217 0.00208598243508 0.028116740517 0.968556185226
0.503453010539 0.496546989461 0.263056483919 0.638582130652 0.098361385429 0.000619465086993 0.0145125353023 0.00298339214856 0.981884607462
0.53108075186 0.46891924814 0.258772012019 0.672601088186 0.0686268997957 0.00414639332575 0.0269046517155 0.0314262842562 0.937522670703
0.492129277139 0.507870722861 0.254261667311 0.63735789754 0.10838043515 0.000221306156437 0.00137097288437 0.000138785216749 0.998268935742
0.492778050883 0.507221949117 0.231892390363 0.686626287477 0.0814813221603 0.000745081109794 0.0658958255807 0.00012845512748 0.933230638182
0.510203512398 0.489796487602 0.348146690997 0.603314508351 0.0485388006524 0.000612391454716 0.0123476914898 0.0615343269642 0.925505590091
0.488189498828 0.511810501172 0.226020674581 0.689121556889 0.0848577685306 0.00162320514213 0.0619353537507 0.000717707060848 0.935723734046
0.496587951193 0.503412048807 0.32293105074 0.621603430291 0.0554655189689 0.000109798622387 0.259588976417 0.000927463758399 0.739373761203
0.52118340445 0.47881659555 0.310143374497 0.61207547657 0.0777811489326 0.000230788845959 0.000414774359521 0.0173753336755 0.981979103119
0.494364967677 0.505635032323 0.258423353707 0.652359548271 0.0892170980216 0.000443998767677 0.0645701064993 0.0001442240895 0.934841670644
0.499498287551 0.500501712449 0.286287735336 0.62688220526 0.086830059404 0.000239211730155 0.0651798209227 0.0240864710088 0.910494496338
0.507957124668 0.492042875332 0.265325788236 0.647237535832 0.0874366759326 0.00379019351562 0.00758367598779 0.00382834541148 0.984797785085
0.492513344431 0.507486655569 0.250452466619 0.66507201554 0.0844755178409 0.000313144216583 0.0608268588758 0.00010870019809 0.93875129671
0.49322512047 0.50677487953 0.234931102064 0.676145604978 0.0889232929577 0.000540587649088 0.0175602572086 0.000486276273128 0.981412878869
0.491510027978 0.508489972022 0.347632316451 0.598043860565 0.0543238229838 6.37944665152e-005 0.388473804811 0.000261793588514 0.611200607134
0.516669730674 0.483330269326 0.29165517664 0.623631154824 0.0847136685357 0.000153215612671 0.00111387750412 0.0357666526219 0.962966254261
0.493088107791 0.506911892209 0.300582856733 0.628061091503 0.0713560517639 0.000101472474984 0.161202394143 0.00010299152401 0.838593141858
0.500978447696 0.499021552304 0.291365513564 0.642053357755 0.0665811286812 0.000439941271991 0.126775977546 0.000354858290143 0.872429222891
0.504652600956 0.495347399044 0.335305184493 0.603117895892 0.0615769196152 0.00695152375891 0.00396296393107 0.00610055385652 0.982984958454
0.497036376199 0.502963623801 0.280317249376 0.615025400599 0.104657350025 0.000127081959922 0.00117286058844 7.9426224951e-005 0.998620631227
0.504783829715 0.495216170285 0.290928923548 0.644429713018 0.0646413634337 0.000228479795514 0.221309207314 0.000318304306151 0.778144008585
0.514447261265 0.485552738735 0.263479087317 0.647656562965 0.0888643497188 0.00551871126172 0.0129273979036 0.00581945617401 0.975734434661
0.501750640223 0.498249359777 0.317357016921 0.613571724892 0.0690712581873 7.23028301821e-005 0.0572773047898 7.97824333044e-005 0.942570609947
0.502781858017 0.497218141983 0.2697780657 0.639987480256 0.0902344540445 0.00032584131266 0.0082063090915 0.00355134999929 0.987916499597
0.533003590003 0.466996409997 0.290993325967 0.646482795177 0.0625238788555 0.00191487090119 0.00880633973805 0.0111482681784 0.978130521182
