9
0.482538147853 0.517461852147 0.296198933559 0.609159549557 0.0946415168844 0.000652239724392 0.262484216961 0.000709764653314 0.736153778662
0.491843695296 0.508156304704 0.303535490429 0.605282624654 0.0911818849173 0.00427161451134 0.03028106372 0.0543882962871 0.911059025482
0.484746229778 0.515253770222 0.281202311658 0.595176506984 0.123621181358 0.000842354784851 0.183374757348 0.0010478706218 0.814735017245
0.491987123426 0.508012876574 0.276873347315 0.63286629559 0.0902603570948 0.0264113366821 0.0708056142915 0.00460280514318 0.898180243883
0.493542896416 0.506457103584 0.291863347256 0.623012523678 0.0851241290669 0.0047261426023 0.0302144644168 0.00402004197477 0.961039351006
0.485035668001 0.514964331999 0.281504260468 0.62320031375 0.0952954257813 0.00198587440625 0.0598959159817 0.000734578480223 0.937383631132
0.487739553078 0.512260446922 0.301734707282 0.618293243618 0.0799720491002 0.00239619097093 0.14317881255 0.00119992463888 0.85322507184
0.464621749878 0.535378250122 0.249013231815 0.657395143488 0.0935916246976 0.00650208877111 0.714249470335 0.00126986657103 0.277978574322
0.482450622238 0.517549377762 0.257739405132 0.596539362655 0.145721232213 0.00181637543204 0.153636157951 0.000984810293119 0.843562656324
0.486035417223 0.513964582777 0.299144038391 0.62079233916 0.0800636224487 0.00101910166831 0.258896966924 0.000511840705228 0.739572090702
0.499251298474 0.500748701526 0.303547596226 0.60133713742 0.0951152663539 0.00416421561039 0.00299755973306 0.00941064879577 0.983427575861
0.485140151463 0.514859848537 0.285247151874 0.616349360481 0.0984034876447 0.00400897138982 0.128648935945 0.00102987801274 0.866312214653
0.487356818465 0.512643181535 0.294705534758 0.610215437295 0.0950790279473 0.00111018279943 0.0689095996209 0.000749310738219 0.929230906841
0.486077986784 0.513922013216 0.285639376627 0.590335706011 0.124024917362 0.000927341910537 0.0115549070779 0.00106062958575 0.986457121426
0.490333743142 0.509666256858 0.273739883503 0.607768348128 0.118491768369 0.0015950621338 0.0477300592694 0.00386919687395 0.946805681723
0.490580997457 0.509419002543 0.286367875786 0.608798691151 0.104833433063 0.000704213309787 0.0717560717023 0.000476004669883 0.927063710318
0.486496877769 0.513503122231 0.31758907381 0.598180982318 0.0842299438718 0.00102052711105 0.298798901174 0.00145546080978 0.698725110905
0.486735520862 0.513264479138 0.288273349677 0.596216110511 0.115510539813 0.00101586033383 0.00282463647937 0.00221431324008 0.993945189947
0.4885584052 0.5114415948 0.295402634969 0.628194632927 0.0764027321035 0.0039404409114 0.178710735153 0.00108302723357 0.816265796702
0.477995559985 0.522004440015 0.275580269178 0.612595861962 0.11182386886 0.0036568344556 0.0309608814158 0.000788034970086 0.964594249159
0.489983924657 0.510016075343 0.305072752559 0.610088040867 0.0848392065742 0.00172581618912 0.11190040872 0.00190297062816 0.884470804463
0.489835533569 0.510164466431 0.302085613793 0.590444710354 0.107469675853 0.00170529520341 0.00917454608125 0.00608549104529 0.98303466767
0.484555543928 0.515444456072 0.315666566828 0.584049795391 0.100283637781 0.0010728746858 0.368203189918 0.00185642977816 0.628867505618
0.482401693061 0.517598306939 0.275938570311 0.604173504935 0.119887924754 0.00154316262476 0.102814414299 0.00115731843858 0.894485104637
0.499712705336 0.500287294664 0.299434483136 0.601580624675 0.0989848921889 0.00158524781938 0.00287767916257 0.0391335517196 0.956403521298
0.488344063639 0.511655936361 0.283398034234 0.592889888931 0.123712076835 0.00147746577834 0.0269379336133 0.00447086949097 0.967113731117
0.507016029038 0.492983970962 0.294750970868 0.641885836583 0.063363192549 0.00587388105545 0.0570376655689 0.0162985303997 0.920789922976
0.488926785426 0.511073214574 0.290472439984 0.603232291465 0.106295268551 0.00127152742062 0.00339933424616 0.000489884096951 0.994839254236
0.483718424969 0.516281575031 0.277934907739 0.624831128306 0.0972339639551 0.00287413950402 0.107801853573 0.000658601573059 0.88866540535
0.492937007874 0.507062992126 0.333361220472 0.59713976378 0.069499015748 0.00187021000013 0.0193604852051 0.0720639732607 0.906705331534
0.477894103773 0.522105896227 0.26744699379 0.625037759842 0.107515246367 0.00639254037575 0.119518430241 0.0015624826077 0.872526546775
0.489637566191 0.510362433809 0.285841427658 0.632671915064 0.0814866572781 0.000839880124052 0.221882383298 0.00874665027876 0.768531086299
0.504416756642 0.495583243358 0.30091248881 0.591654377664 0.107433133526 0.00098548356771 0.00404242766097 0.0232901535928 0.971681935179
0.484731952643 0.515268047357 0.291746530258 0.614591020649 0.093662449093 0.00134887716081 0.0912232934072 0.00062546540962 0.906802364022
0.487004093811 0.512995906189 0.269030633835 0.613841903167 0.117127462998 0.00118218723042 0.0673098798978 0.0385583346158 0.892949598256
0.489604735618 0.510395264382 0.272397956378 0.619157639555 0.108444404067 0.00637352908876 0.0126166142413 0.00647903521363 0.974530821456
0.480367789848 0.519632210152 0.269418392155 0.622718642309 0.107862965536 0.00144979308139 0.0863145697751 0.000469819908595 0.911765817235
0.490418020016 0.509581979984 0.264277377274 0.625942063429 0.109780559297 0.0036858390972 0.0268136063867 0.00147094928082 0.968029605235
0.491055449957 0.508944550043 0.304074169007 0.622210787349 0.0737150436438 0.000992550654276 0.304851366602 0.000865825619398 0.693290257124
0.495912139166 0.504087860834 0.296612958241 0.582450672946 0.120936368814 0.000702475360714 0.00244738203829 0.0486844005343 0.948165742067
0.483645611895 0.516354388105 0.279528158082 0.62262382295 0.0978480189679 0.000922194199919 0.158441175563 0.000580451880259 0.840056178357
0.489533015443 0.510466984557 0.297271435499 0.614125999287 0.0886025652132 0.00157948955604 0.125452128213 0.00161024718734 0.871358135044
0.493985025579 0.506014974421 0.332821661649 0.593957365099 0.0732209732524 0.00604619192162 0.0062649000854 0.0106731477501 0.977015760243
0.488749352958 0.511250647042 0.295309792272 0.597814687282 0.106875520447 0.000810987986114 0.00171433849287 0.000515878468945 0.996958795052
0.494164561684 0.505835438316 0.284679941504 0.636580363447 0.0787396950496 0.00297336916055 0.185578222382 0.00104555905631 0.810402849402
0.496821072819 0.503178927181 0.280927991543 0.624602945762 0.0944690626953 0.0120697832367 0.0209930265634 0.0098288156286 0.957108374571
0.484262746404 0.515737253596 0.271613318603 0.616891511876 0.111495169521 0.000839340093951 0.0386348876328 0.000430857423484 0.96009491485
0.490607735057 0.509392264943 0.298250165073 0.594711855475 0.107037979451 0.0014859504372 0.0290581834466 0.00428856581874 0.965167300298
0.50170569407 0.49829430593 0.297199894109 0.611938053523 0.0908620523681 0.00291369315131 0.00774571843952 0.0150209025813 0.974319685828
