3 hexa 20 20 gaussian
5 6 0.0996437 
16 19 0.176247 
12 16 0.033888 
2 7 0.0851237 
18 15 0.141799 
14 11 0.0739392 
10 0 0.114379 
10 6 0.0555539 
19 0 0.0739078 
3 3 0.105486 
19 7 0.129939 
19 19 1.50504 
9 19 0.0709033 
16 8 0.0356566 
7 11 0.0931347 
0 12 0.0384912 
7 17 0.0358711 
6 10 0.0875827 
18 5 0.132575 
0 0 0.174474 
15 0 0.0253572 
8 0 0.131874 
9 9 0.0366178 
9 13 0.0741132 
19 4 0.171232 
3 10 0.0553762 
0 16 0.236516 
6 19 0.0644304 
15 14 0.0626443 
3 0 0.155456 
12 0 0.100007 
13 19 0.0833247 
19 10 0.131523 
13 6 0.0359052 
0 19 0.122328 
3 12 0.0675439 
4 18 0.146898 
4 15 0.07366 
0 8 0.0243385 
6 1 0.135847 
16 4 0.0450559 
2 19 0.123504 
7 5 0.0491718 
19 13 0.151506 
19 19 1.50886 
1 0 0.153306 
12 3 0.0495335 
12 12 0.0526704 
0 4 0.0269122 
7 14 0.0607875 
0 16 0.238944 
