9
0.514890619139 0.485109380861 0.416195010678 0.559812154104 0.0239928352177 4.72718067895e-005 0.27970880567 5.03216007759e-005 0.720193600922
0.514482209332 0.485517790668 0.394530497125 0.576910232753 0.0285592701223 4.57302840549e-005 0.281299044936 0.000292165703684 0.718363059077
0.510915395696 0.489084604304 0.383183282682 0.581346114297 0.0354706030208 6.90558861868e-005 0.269500583265 6.04952391388e-005 0.730369865609
0.506795428589 0.493204571411 0.348248695585 0.610968094151 0.0407832102644 0.000159613304416 0.258003582672 0.000220007527709 0.741616796496
0.504217992631 0.495782007369 0.309899983944 0.635077591058 0.0550224249982 0.00022930285264 0.247553718169 0.000142608932962 0.752074370046
0.498312918857 0.501687081143 0.319362915427 0.602609254411 0.0780278301618 0.000369229028839 0.223443267567 0.000279147620384 0.775908355784
0.492079033876 0.507920966124 0.318909438204 0.572276226689 0.108814335107 0.000557650165223 0.217677846171 0.00032473603999 0.781439767623
0.484746229778 0.515253770222 0.281202311658 0.595176506984 0.123621181358 0.000842354784851 0.183374757348 0.0010478706218 0.814735017245
0.483148657189 0.516851342811 0.236808831215 0.626525573655 0.13666559513 0.00295580587811 0.163914785081 0.00413461985442 0.828994789186
0.482011294388 0.517988705612 0.219428048793 0.631657041976 0.14891490923 0.00534565664331 0.159521561597 0.00544932739864 0.829683454361
