9
0.547215119511 0.452784880489 0.304862188172 0.669638419135 0.0254993926936 0.00119881415601 0.0158791921438 0.00266259032796 0.980259403372
0.539028865216 0.460971134784 0.286021275928 0.68043053943 0.0335481846424 0.00334658283105 0.0143337371593 0.00185476281063 0.980464917199
0.524388881144 0.475611118856 0.301894364119 0.654045441133 0.0440601947477 0.00300650575919 0.0120451795336 0.00147185750972 0.983476457197
0.512412253051 0.487587746949 0.289240549131 0.651067056971 0.0596923938981 0.00364455763759 0.0114192921159 0.00134679679588 0.983589353451
0.506347391961 0.493652608039 0.256373208843 0.666676459277 0.0769503318805 0.00290039312879 0.010839529385 0.00121072273025 0.985049354756
0.501965528353 0.498034471647 0.274759657653 0.638006956514 0.087233385833 0.00443264084962 0.015236353394 0.00118329611778 0.979147709639
0.496290366813 0.503709633187 0.324444239193 0.58538199843 0.0901737623771 0.00466302180925 0.0228114456508 0.002445876149 0.970079656391
0.493542896416 0.506457103584 0.291863347256 0.623012523678 0.0851241290669 0.0047261426023 0.0302144644168 0.00402004197477 0.961039351006
0.49630133801 0.50369866199 0.226915283374 0.687504065795 0.0855806508316 0.0109937398597 0.0373745261715 0.00663975437172 0.944991979597
0.495173012093 0.504826987907 0.22261423497 0.677384672264 0.100001092765 0.0191481317281 0.0425895751406 0.00888474335771 0.929377549774
