9
0.497760036745 0.502239963255 0.414874564135 0.555090693375 0.0300347424902 9.24952094249e-005 0.466903634881 8.57272672719e-006 0.532995297183
0.500175729681 0.499824270319 0.39893903094 0.570070676248 0.0309902928126 9.08351893224e-005 0.451104797363 3.64107298972e-005 0.548767956718
0.498931913177 0.501068086823 0.384015027177 0.580687768503 0.0352972043201 7.87338492012e-005 0.41658666663 4.31654875007e-005 0.583291434033
0.493217823859 0.506782176141 0.347193447329 0.613834701111 0.0389718515603 0.000108990663935 0.368273264693 1.47842225527e-005 0.63160296042
0.491323334367 0.508676665633 0.306425057536 0.642765699776 0.0508092426889 0.000131893897122 0.34731856826 3.39338667353e-005 0.652515603976
0.490239152663 0.509760847337 0.316145257852 0.620086408262 0.0637683338859 0.000185523316565 0.308555760499 9.66811649703e-005 0.691162035019
0.488424129546 0.511575870454 0.335711401846 0.590575068043 0.0737135301117 0.00050829762906 0.284736968659 0.000189977507069 0.714564756205
0.486035417223 0.513964582777 0.299144038391 0.62079233916 0.0800636224487 0.00101910166831 0.258896966924 0.000511840705228 0.739572090702
0.483323128514 0.516676871486 0.243700972249 0.661713439518 0.0945855882323 0.00449214778738 0.269117618157 0.00139887138851 0.724991362667
0.485396442477 0.514603557523 0.223225190392 0.67577941211 0.100995397498 0.0117748384749 0.27138096305 0.00207400989645 0.714770188578
