9
0.518335660996 0.481664339004 0.341148874174 0.611283319381 0.0475678064449 4.97344583178e-005 0.00568720251737 0.000171158225923 0.994091904798
0.516085026279 0.483914973721 0.309345255783 0.634194199062 0.0564605451549 6.1129887076e-005 0.00673013087639 0.000211707182447 0.992997032054
0.511389875546 0.488610124454 0.299371736211 0.640479566639 0.0601486971504 0.000127286741672 0.00790550498519 0.000220047994589 0.991747160279
0.507944955339 0.492055044661 0.283054965852 0.642345194572 0.0745998395755 8.98443870933e-005 0.00703376327785 0.000267104934602 0.9926092874
0.504475492738 0.495524507262 0.245777829607 0.664488934975 0.0897332354188 5.90954146686e-005 0.00657692568318 0.000288779593014 0.993075199309
0.499903283884 0.500096716116 0.269304975481 0.626539970462 0.104155054056 0.000236556169499 0.00751332917707 0.000413591754415 0.991836522899
0.492848146734 0.507151853266 0.311093559216 0.570073946424 0.11883249436 0.00043127212582 0.00919636120945 0.000619522952818 0.989752843712
0.486077986784 0.513922013216 0.285639376627 0.590335706011 0.124024917362 0.000927341910537 0.0115549070779 0.00106062958575 0.986457121426
0.486095858066 0.513904141934 0.228007130188 0.638976555765 0.133016314047 0.00399488329192 0.0143894474625 0.00188236057333 0.979733308672
0.484307041853 0.515692958147 0.218513336611 0.628032001383 0.153454662007 0.00921706002703 0.0173986660661 0.00265882297608 0.970725450931
