9
0.507749721262 0.492250278738 0.378033077929 0.585933003177 0.0360339188937 2.65465211483e-005 0.13259568158 4.75043010022e-005 0.867330267598
0.507317552475 0.492682447525 0.358651010491 0.600189434356 0.0411595551529 2.79487576996e-005 0.11426500226 0.000102187645339 0.885604861337
0.507936258343 0.492063741657 0.352188169852 0.600695652318 0.0471161778299 3.10349536338e-005 0.0976309985393 2.35865647617e-005 0.902314379942
0.5059277003 0.4940722997 0.340323993447 0.605289834192 0.054386172361 2.86851967938e-005 0.0864533584437 8.41432439286e-006 0.913509542035
0.504567886093 0.495432113907 0.303640990193 0.629841507689 0.0665175021182 4.46298829748e-005 0.075214003803 1.54623216606e-005 0.924725903992
0.500877477158 0.499122522842 0.308489931085 0.611626029015 0.0798840398994 0.000138895775191 0.0685720631354 7.946604253e-005 0.931209575047
0.496501167155 0.503498832845 0.322484098907 0.581298656159 0.0962172449341 0.000427294014164 0.0710891487401 0.000128714914898 0.928354842331
0.490580997457 0.509419002543 0.286367875786 0.608798691151 0.104833433063 0.000704213309787 0.0717560717023 0.000476004669883 0.927063710318
0.488704720337 0.511295279663 0.238716261602 0.649332641677 0.111951096721 0.00272996385878 0.0710494315131 0.000988482400221 0.925232122228
0.484421061429 0.515578938571 0.214803641281 0.658518610174 0.126677748544 0.00484242806499 0.0714747493421 0.00156837904261 0.92211444355
