9
0.51586711508 0.48413288492 0.319482133284 0.63039906414 0.0501188025759 0.000102850826648 0.00653288624203 0.0026245548294 0.990739708102
0.517595891783 0.482404108217 0.296573659132 0.647660655155 0.0557656857135 0.000103908193552 0.00609037237209 0.00267563598398 0.99113008345
0.525686863962 0.474313136038 0.299960433107 0.647928059203 0.0521115076896 0.000296858695261 0.0163782039749 0.00153036245656 0.981794574873
0.520268466078 0.479731533922 0.290504086208 0.656826498879 0.0526694149129 0.000471880759759 0.0349941402116 0.00146210756197 0.963071871467
0.512685056199 0.487314943801 0.250024638011 0.687028762358 0.062946599631 0.000349308023849 0.0396386602553 0.00119518137572 0.958816850345
0.504117539784 0.495882460216 0.273788773787 0.653758785241 0.0724524409716 0.000492287830774 0.0694314216836 0.00109885676512 0.92897743372
0.496327714742 0.503672285258 0.331296398888 0.587127712799 0.0815758883136 0.000969091616303 0.0917537578992 0.00124042192502 0.906036728559
0.489983924657 0.510016075343 0.305072752559 0.610088040867 0.0848392065742 0.00172581618912 0.11190040872 0.00190297062816 0.884470804463
0.487599974865 0.512400025135 0.239050783204 0.662455336697 0.098493880099 0.0061943014608 0.130782002473 0.00436840594304 0.858655290123
0.485490780983 0.514509219017 0.221743425735 0.659006915002 0.119249659263 0.0114007701436 0.140274551109 0.00604208347302 0.842282595275
