9
0.503749186151 0.496250813849 0.420175048174 0.550737033044 0.029087918782 0.000152778046375 0.585088346967 0.00142012673487 0.413338748251
0.504008092976 0.495991907024 0.403757743569 0.565932870662 0.0303093857689 0.000146345752134 0.561726746328 0.00069722900161 0.437429678919
0.501013616528 0.498986383472 0.384911956199 0.57776573014 0.0373223136612 0.000204957171211 0.522268847962 0.00061710537926 0.476909089488
0.50011468683 0.49988531317 0.354421476825 0.607030719578 0.038547803597 0.000282612232632 0.502392004064 0.000725437737988 0.496599945965
0.496604078403 0.503395921597 0.326280934666 0.620867059011 0.0528520063229 0.000346644100456 0.492068856248 0.000977197503796 0.506607302147
0.494187012429 0.505812987571 0.339554934247 0.590243121114 0.0702019446385 0.000492495298804 0.452789988163 0.00114839071538 0.545569125823
0.490295623653 0.509704376347 0.358227497669 0.554528839042 0.087243663289 0.000680016291005 0.420472760549 0.0014321207371 0.577415102423
0.484555543928 0.515444456072 0.315666566828 0.584049795391 0.100283637781 0.0010728746858 0.368203189918 0.00185642977816 0.628867505618
0.481575696312 0.518424303688 0.262077696202 0.623127160663 0.114795143134 0.00294595999663 0.352627278032 0.00245629152444 0.641970470447
0.478240847251 0.521759152749 0.241172136346 0.633970875356 0.124856988298 0.00506447517353 0.356045133594 0.00331704447252 0.63557334676
