9
0.60477146569 0.39522853431 0.256989375671 0.688862361227 0.0541482631013 0.0373213653006 0.00316522971537 0.123207747726 0.836305657258
0.641844274809 0.358155725191 0.20883578567 0.752811889221 0.0383523251097 0.0225465648855 0.00626564885496 0.064 0.90718778626
0.597361995685 0.402638004315 0.249208737612 0.705741192342 0.0450500700462 0.018796749648 0.00446987998501 0.0633921996719 0.913341170695
0.583814711503 0.416185288497 0.24212157173 0.704981979606 0.0528964486639 0.0126952052538 0.00566671791605 0.0534933778471 0.928144698983
0.556396092411 0.443603907589 0.225366676644 0.712953640462 0.0616796828939 0.00731085653124 0.00602283962375 0.0430578609849 0.94360844286
0.53108075186 0.46891924814 0.258772012019 0.672601088186 0.0686268997957 0.00414639332575 0.0269046517155 0.0314262842562 0.937522670703
0.517113131752 0.482886868248 0.305817483297 0.630479742567 0.0637027741361 0.00491912564471 0.04731062068 0.023441282762 0.924328970913
0.507016029038 0.492983970962 0.294750970868 0.641885836583 0.063363192549 0.00587388105545 0.0570376655689 0.0162985303997 0.920789922976
0.506013169384 0.493986830616 0.216822633052 0.701032988421 0.0821443785267 0.0181865806558 0.0654827327636 0.0170874763744 0.899243210206
0.509122315663 0.490877684337 0.21116660967 0.682636439505 0.106196950824 0.0331761266239 0.0685424153564 0.0170870930971 0.881194364923
