9
0.495655319171 0.504344680829 0.414200209217 0.550781283087 0.0350185076953 2.69298398467e-005 0.329742159984 0.00300294116094 0.667227969015
0.497884454742 0.502115545258 0.405724276418 0.559004984521 0.0352707390611 3.71665155077e-005 0.316297471725 0.00355846723477 0.680106894525
0.499804815947 0.500195184053 0.40428081696 0.557096600277 0.038622582763 4.41557517947e-005 0.298308053189 0.00462033282496 0.697027458235
0.496867780597 0.503132219403 0.378945866635 0.58454363215 0.0365105012157 2.90195553952e-005 0.289768777229 0.00522951314018 0.704972690075
0.49641017543 0.50358982457 0.32512362027 0.631047565771 0.0438288139594 4.03178050987e-005 0.274748482693 0.00631253634552 0.718898663157
0.496587951193 0.503412048807 0.32293105074 0.621603430291 0.0554655189689 0.000109798622387 0.259588976417 0.000927463758399 0.739373761203
0.493194151648 0.506805848352 0.33385760581 0.597626946405 0.0685154477844 0.000441669061236 0.244986057351 0.0083699799383 0.74620229365
0.489637566191 0.510362433809 0.285841427658 0.632671915064 0.0814866572781 0.000839880124052 0.221882383298 0.00874665027876 0.768531086299
0.485463889587 0.514536110413 0.226801270231 0.67064772723 0.102551002539 0.00361230065477 0.22497676637 0.0110286391166 0.760382293859
0.484909642812 0.515090357188 0.201461627783 0.677195025161 0.121343347056 0.0079073719122 0.220750825927 0.0121499711617 0.759191830999
