9
0.556149849912 0.443850150088 0.394126976649 0.582767230414 0.0231057929367 0.000564005188848 0.000896141577836 0.0218332675327 0.976706585701
0.55030014418 0.44969985582 0.367912806691 0.609673702814 0.0224134904954 0.000169827538402 0.00106922031831 0.0112398103477 0.987521141796
0.528192594516 0.471807405484 0.389449797082 0.580617429288 0.0299327736299 0.000304542475173 0.000721935715257 0.00966806416107 0.989305457648
0.528189235435 0.471810764565 0.343493736516 0.612006431019 0.0444998324643 0.000337815508669 0.000553723681602 0.0123185159618 0.986789944848
0.522485921472 0.477514078528 0.296899218768 0.641739428447 0.0613613527849 0.000243015258554 0.000313115813906 0.0157554892629 0.983688379665
0.52118340445 0.47881659555 0.310143374497 0.61207547657 0.0777811489326 0.000230788845959 0.000414774359521 0.0173753336755 0.981979103119
0.511044421184 0.488955578816 0.344195393757 0.5631627048 0.092641901443 0.000433321472344 0.00122879848179 0.0185600759103 0.979777804136
0.504416756642 0.495583243358 0.30091248881 0.591654377664 0.107433133526 0.00098548356771 0.00404242766097 0.0232901535928 0.971681935179
0.50316752896 0.49683247104 0.237179359508 0.639574271851 0.123246368641 0.00304338866488 0.00394917740849 0.0309998123833 0.962007621543
0.498123043206 0.501876956794 0.232775516594 0.624683782091 0.142540701315 0.00543446695288 0.00553179131772 0.0406831542513 0.948350587478
