9
0.535571634798 0.464428365202 0.414910207519 0.565527268472 0.0195625240095 7.33814023692e-005 0.0704512070608 0.0815355944083 0.847939817128
0.531982825988 0.468017174012 0.390406991859 0.584777979708 0.0248150284334 0.000112844000712 0.083041115647 0.0451526863812 0.871693353971
0.52164515504 0.47835484496 0.376181850685 0.591832008067 0.0319861412483 0.000169601579267 0.0736623045206 0.0282687376466 0.897899356254
0.514709270296 0.485290729704 0.337541821486 0.622003915656 0.0404542628583 0.000141483447689 0.0718677484516 0.0386992704629 0.889291497638
0.505852936569 0.494147063431 0.292275750139 0.645692110284 0.0620321395768 9.92966204053e-005 0.0722678235294 0.0270176688064 0.900615211044
0.499498287551 0.500501712449 0.286287735336 0.62688220526 0.086830059404 0.000239211730155 0.0651798209227 0.0240864710088 0.910494496338
0.493003001352 0.506996998648 0.299670916435 0.593455952968 0.106873130597 0.000607626616452 0.0657835310841 0.02779827312 0.905810569179
0.487004093811 0.512995906189 0.269030633835 0.613841903167 0.117127462998 0.00118218723042 0.0673098798978 0.0385583346158 0.892949598256
0.488120147159 0.511879852841 0.229252402249 0.646420343174 0.124327254577 0.0057791401643 0.0684711857591 0.0566904378062 0.86905923627
0.486656377113 0.513343622887 0.223340650467 0.641799538083 0.13485981145 0.0108152751139 0.0753395744396 0.0813393243828 0.832505826064
