9
0.511969329609 0.488030670391 0.410811947071 0.552745934466 0.0364421184632 0.00357363531576 0.0024281930558 0.00947790235918 0.984520269269
0.527286655185 0.472713344815 0.372644146517 0.594110500683 0.0332453528001 0.00669879014654 0.00306414071477 0.00836478273796 0.981872286401
0.516361961388 0.483638038612 0.377542405916 0.58707830755 0.0353792865337 0.00742774746549 0.00321765213754 0.00603254145564 0.983322058941
0.511963248774 0.488036751226 0.356334609869 0.599016200968 0.0446491891636 0.00768538555904 0.00218175946693 0.0056493392695 0.984483515705
0.506296451091 0.493703548909 0.314304664644 0.63078991841 0.0549054169468 0.00462284893969 0.00224418963857 0.00656175610111 0.986571205321
0.504652600956 0.495347399044 0.335305184493 0.603117895892 0.0615769196152 0.00695152375891 0.00396296393107 0.00610055385652 0.982984958454
0.499562667649 0.500437332351 0.37534456063 0.557335450194 0.0673199891762 0.00584961534314 0.00465992019269 0.00782008304274 0.981670381421
0.493985025579 0.506014974421 0.332821661649 0.593957365099 0.0732209732524 0.00604619192162 0.0062649000854 0.0106731477501 0.977015760243
0.495881350027 0.504118649973 0.316097402051 0.609147475389 0.0747551225602 0.0105714367856 0.00646865908379 0.0135024931509 0.96945741098
0.496711263314 0.503288736686 0.311781640886 0.601177699742 0.0870406593726 0.0198038662968 0.00686972389953 0.0144106345415 0.958915775262
