9
0.509653970277 0.490346029723 0.27678847534 0.642194073132 0.0810174515284 0.000113490532271 0.00240367127322 1.45500682398e-005 0.997468288126
0.512894852173 0.487105147827 0.276260938251 0.641483975972 0.0822550857773 3.09026958388e-005 0.00455393363225 7.3042735619e-005 0.995342120936
0.507490891757 0.492509108243 0.28558565212 0.630068853465 0.0843454944156 4.25618849808e-005 0.00162302654727 6.80990159692e-005 0.998266312552
0.509622898076 0.490377101924 0.282926232221 0.630137443566 0.0869363242122 0.000114012085281 0.00157948449853 0.000100108172442 0.998206395244
0.507261344372 0.492738655628 0.257575209266 0.646408578324 0.0960162124093 6.95931030451e-005 0.00106895006277 4.45395859489e-005 0.998816917248
0.497036376199 0.502963623801 0.280317249376 0.615025400599 0.104657350025 0.000127081959922 0.00117286058844 7.9426224951e-005 0.998620631227
0.491798779628 0.508201220372 0.314457488311 0.573351868904 0.112190642786 0.000441206648882 0.00133131541145 0.000146213831315 0.998081264108
0.488749352958 0.511250647042 0.295309792272 0.597814687282 0.106875520447 0.000810987986114 0.00171433849287 0.000515878468945 0.996958795052
0.487001814428 0.512998185572 0.227786945505 0.658486751549 0.113726302947 0.00265576919308 0.00222457419494 0.00192861762804 0.993191038984
0.489539020325 0.510460979675 0.215083570558 0.667347243398 0.117569186044 0.00572114956847 0.0034718391316 0.00301806210517 0.987788949195
