9
0.587099476359 0.412900523641 0.308490477567 0.662826955088 0.0286825673447 0.0178458723458 0.00485231701032 0.0193764560329 0.957925354611
0.576767747528 0.423232252472 0.26536034306 0.702422312975 0.0322173439653 0.0138565136297 0.00530477499803 0.00962968152085 0.971209029851
0.541566878295 0.458433121705 0.275362951368 0.680096816621 0.0445402320107 0.0154059239832 0.00507363515676 0.00667909460343 0.972841346257
0.528587766631 0.471412233369 0.24929935392 0.685693626811 0.0650070192697 0.0151222083209 0.00437509114773 0.00719779249787 0.973304908034
0.52169202582 0.47830797418 0.211106957702 0.705768547355 0.0831244949432 0.0110736664342 0.00427602723433 0.00656264201347 0.978087664318
0.514447261265 0.485552738735 0.263479087317 0.647656562965 0.0888643497188 0.00551871126172 0.0129273979036 0.00581945617401 0.975734434661
0.502954562819 0.497045437181 0.31269789087 0.589501874027 0.0978002351033 0.0102615389257 0.0170966015164 0.00739316290285 0.965248696655
0.496821072819 0.503178927181 0.280927991543 0.624602945762 0.0944690626953 0.0120697832367 0.0209930265634 0.0098288156286 0.957108374571
0.496667357186 0.503332642814 0.223643299043 0.671916791138 0.104439909819 0.0253297546865 0.0260799859687 0.0150204355887 0.933569823756
0.495972829183 0.504027170817 0.220999192059 0.660791560263 0.118209247678 0.0444011896837 0.0315292267456 0.0171500589643 0.906919524606
