9
0.215171383625 0.784828616375 0.945516442671 0.065658037533 0.0867381443105 8.25757143127e-005 0.633074221562 0.000463951434507 0.377785350404
0.677087210591 0.322912789409 0.641575819248 0.448468589694 0.072163203846 0.125288145945 0.0206124468841 1.0 0.664832681345
0.290958874071 0.709041125929 0.95715741563 0.0782455970019 0.0521141822896 0.000208862971976 0.391246145735 0.000248228196712 0.615849729437
0.5011562258 0.4988437742 0.383963607173 0.649212997973 0.219542481718 0.341433364292 0.0099764113538 0.0480838017181 0.925093517083
0.471492471295 0.528507528705 0.536991415999 0.584885826267 0.0610873793332 0.0106600326265 0.0217976425171 0.0123752717237 0.974292195084
0.208310623272 0.791689376728 0.444367093898 0.557180372399 0.243038865382 0.00594412909627 0.023032421871 0.000796501245518 0.977230681659
0.261925845774 0.738074154226 0.574222979294 0.444964483794 0.182984126271 0.00233452893745 0.232251212972 0.000240785751441 0.772020041497
0.0604123781954 0.939587621805 0.330068906418 0.761031989199 0.160227233297 0.0148237855462 0.435168152192 0.00038105128504 0.570360557007
0.323765675351 0.676234324649 0.850788860191 0.196642140326 0.0671210725623 0.00185757176435 0.610862289944 0.00315903856125 0.398577758239
0.195283902253 0.804716097747 0.952174098678 0.0564649970194 0.0881003463375 0.000619301592509 0.653380667094 5.44156660478e-005 0.357838791724
0.638689967037 0.361310032963 0.765952879523 0.296000439005 0.0727258540767 0.154510319779 0.00209779959732 0.121287367369 0.939501108942
0.279619949499 0.720380050501 0.632880942112 0.402481014751 0.145261188808 0.00275957929186 0.0242708644296 3.00234492342e-005 0.976722919313
0.26810197635 0.73189802365 0.60839303837 0.398724166304 0.188758714566 0.000544426706382 0.0315612120398 0.000462901876245 0.969755268639
0.310199567411 0.689800432589 0.673936041619 0.315687551066 0.192528912894 0.000231213508141 0.00752549443644 0.000809193076613 0.993357200442
0.334909801942 0.665090198058 0.705115258992 0.307219854809 0.154254519096 4.52267007701e-005 0.0490831970896 0.00673901189925 0.950721718725
0.251076680493 0.748923319507 0.813135677382 0.198743849029 0.123832001338 2.07643957297e-005 0.185239235546 0.000235149329049 0.818644672461
0.223642295006 0.776357704994 0.921441302057 0.0979718106136 0.0830125900001 0.00382629587352 0.659176348445 0.00200713312208 0.351067616951
0.238048965829 0.761951034171 0.41779081068 0.481197283182 0.383085336975 0.00138728948907 0.00222118264845 0.00534906002684 0.997054557313
0.185478360851 0.814521639149 0.640921361872 0.380726189056 0.160659929789 0.00400435557189 0.276628001584 2.63407914047e-005 0.728152228266
0.137718054909 0.862281945091 0.422643148522 0.606164016045 0.214079765237 0.00955331450349 0.0155218293133 0.000985997237087 0.984018628736
0.296412642045 0.703587357955 0.59216655406 0.403870512624 0.207722884122 0.000713287117704 0.00870973066411 0.0121986979502 0.988736948038
0.388901989755 0.611098010245 0.764034460996 0.248705845438 0.13681671183 0.000904337067162 0.00352651108479 0.0243529336044 0.990201022862
0.228733535631 0.771266464369 0.972177931552 0.0363810993505 0.0824609758952 0.00116641664794 0.818878256239 0.00660733142058 0.192919036701
0.283978772448 0.716021227552 0.704507011866 0.329978280917 0.125830502494 0.00111783320622 0.0722377952106 0.000208879316635 0.929707641741
0.854541749173 0.145458250827 0.495332306779 0.66111387866 0.0284141661312 0.155687472126 0.00832622136829 0.216421539054 0.90494739807
0.372480293667 0.627519706333 0.762868604929 0.275826074268 0.103641087932 0.00133743604417 0.00779436612897 0.0144775821006 0.988866528026
0.792946912947 0.207053087053 0.356321172786 0.673567913618 0.231722727375 0.338501132542 0.00399390044893 0.571987058796 0.775884195223
0.20216284637 0.79783715363 0.366509944113 0.547395369193 0.378547176219 0.0022715619599 0.00181383153955 0.000262758303097 0.998831289459
0.207573293592 0.792426706408 0.545845935471 0.496319880053 0.161462761648 0.00674206141834 0.0514839494596 0.000169882953761 0.949292100947
0.395754154588 0.604245845412 0.858119965546 0.171388499825 0.0881566628034 0.0159974090163 0.0111048819573 0.312435573055 0.894920374396
0.192683087406 0.807316912594 0.484132281435 0.546001591525 0.194714385233 0.00917415528317 0.018678272154 0.00337204628298 0.980261077166
0.183528972388 0.816471027612 0.949629107885 0.0365852295003 0.117784117398 2.42433201057e-005 0.461309349085 0.0139552965209 0.54284846777
0.52139328959 0.47860671041 0.873873462444 0.184139802921 0.0468308756115 0.00489863251951 0.000816428424931 0.101372102136 0.969395431596
0.239876746566 0.760123253434 0.55255611496 0.450575404774 0.209934515045 0.000648656017398 0.0321993941988 6.15156112593e-005 0.969230477243
0.40646315436 0.59353684564 0.952308615505 0.104610026793 0.0257268349288 0.00044582847585 0.0982164681341 0.378530691965 0.791919279076
0.56186969205 0.43813030795 0.540171189103 0.514432209206 0.147033415321 0.282849956328 0.00330332382739 0.0555943809117 0.93832831236
0.255192151187 0.744807848813 0.610994293882 0.420047473733 0.157122356755 0.00261254933765 0.0344124928866 0.00122195848974 0.96640946386
0.158766946667 0.841233053333 0.449615659223 0.59575390127 0.184952326708 0.00780615608634 0.0292701366712 0.00039375634596 0.970928004403
0.185863490137 0.814136509863 1.0 0.0 0.0855245281712 0.000233516523759 0.816911702824 0.000433715817762 0.196829191246
0.421685450632 0.578314549368 0.841728697433 0.182294513599 0.0999444488238 0.00353156547112 0.00118305363218 0.233825303404 0.929917834276
0.237966313422 0.762033686578 0.855358196305 0.161089619796 0.105812438712 0.000134669942462 0.332380162495 0.000262746871141 0.673795585404
0.307717088188 0.692282911812 0.962331187684 0.0701276810607 0.0544301401175 0.00230724844089 0.28467084059 0.000730298053469 0.720284784172
0.274643357936 0.725356642064 0.936841930487 0.0456483750493 0.126263276102 0.032213437811 0.00296180595788 0.0440142776164 0.980164844481
0.261711985625 0.738288014375 0.431042250695 0.458282142285 0.391758123312 0.000809850972795 0.0029274673719 8.21645266243e-005 0.998010788702
0.20419469188 0.79580530812 0.835667546258 0.155812692977 0.143701517828 0.00101820986644 0.498556666347 0.000900931954361 0.509912556295
0.694248162238 0.305751837762 0.550684447454 0.553463818923 0.0800466648736 0.161745426497 0.00635637927603 0.0899667441472 0.943509710688
0.323374435948 0.676625564052 0.840230769966 0.176139283227 0.110255654892 0.000309917795408 0.063091938661 7.27200371227e-005 0.938872576546
0.29698293741 0.70301706259 0.738020353415 0.226407132298 0.206662753712 0.000731698557421 0.00128196298183 0.0187990038886 0.994085358481
0.927177829528 0.0728221704718 0.54402387297 0.623603021678 0.0 0.08354348441 0.0137871468428 0.0846023538474 0.949664578609
0.221279455819 0.778720544181 0.889165675106 0.130740461462 0.0916417923784 7.69702352643e-005 0.594434847342 0.00198828739926 0.415364478226
0.655927744392 0.344072255608 0.586647028189 0.510617394224 0.078610346599 0.0742146041386 0.0133281494569 0.66337826262 0.779698871085
0.288677889346 0.711322110654 0.875396333959 0.157120850424 0.0793122951006 0.000194872417797 0.393473005369 0.00137095111269 0.613326737463
0.523048166549 0.476951833451 0.252684565126 0.806137093285 0.224119405399 0.304632677639 0.0123100168163 0.0319802149517 0.933166349726
0.425771921289 0.574228078711 0.465886502382 0.634671023815 0.109026735962 0.0301527545545 0.0196334956528 0.00862506051342 0.974575449869
0.239177451075 0.760822548925 0.433945499227 0.581562243679 0.228006267702 0.00411926031341 0.0186227518075 0.000647613978924 0.981892236631
0.270567282985 0.729432717015 0.480574478989 0.532436746997 0.217843231886 0.00130501235146 0.2153743845 0.000129344703143 0.788820506982
0.0815328164877 0.918467183512 0.263253778326 0.799118350334 0.216501074294 0.0114854512857 0.399041885184 0.000968133034085 0.606250537694
0.34030379431 0.65969620569 0.737053322792 0.323807832695 0.0824325201593 0.00269810143244 0.57387395288 0.000471068577597 0.435653956536
0.208775641661 0.791224358339 0.892033979315 0.125569249586 0.0937916933091 0.000604235579754 0.63125708212 0.000183649183501 0.379577870528
0.598016527728 0.401983472272 0.648104078152 0.439602869929 0.07330700944 0.0620516821462 0.00236138584848 0.0497467605007 0.974522560301
0.299295329222 0.700704670778 0.504345812341 0.542783124458 0.166968701353 0.00362996496026 0.0266435800724 0.000169401526116 0.974214012266
0.27573792887 0.72426207113 0.500212806661 0.491839507044 0.23926597806 0.000841693830975 0.0308357956261 0.000494171174546 0.970414833008
0.297629684603 0.702370315397 0.553910349174 0.421377873239 0.24549489526 0.000334636156313 0.00898593822837 0.000997435180353 0.991848163567
0.341355289597 0.658644710403 0.589201312004 0.398207171741 0.219714725073 0.000440009219835 0.0443055368337 0.0067243903643 0.955368523589
0.248663000937 0.751336999063 0.739988463859 0.264510280757 0.154360769649 3.34908161721e-005 0.159570236729 0.00048900808794 0.843832107244
0.231670028589 0.768329971411 0.841287068056 0.19163470918 0.0885820780154 0.00333040208986 0.603079023019 0.00220071606711 0.406299296668
0.251929302487 0.748070697513 0.420468123775 0.464823409691 0.400000689536 0.00125910993369 0.0021325532096 0.00559264936783 0.997088936788
0.192927720523 0.807072279477 0.55603106975 0.46295622785 0.188465137921 0.00259643391732 0.250634703687 0.000211730559293 0.753894926152
0.161407257849 0.838592742151 0.406193895707 0.622324103551 0.219175401012 0.00718569962757 0.0153912939608 0.000963381143968 0.984513375302
0.30606792746 0.69393207254 0.505710810592 0.483500065963 0.241356247525 0.000722883569722 0.00809006524931 0.0124358341141 0.989274993029
0.39790864426 0.60209135574 0.592021027049 0.443534867443 0.1567409449 0.00128393502024 0.00434059654136 0.0202617423121 0.990556755423
0.230179540362 0.769820459638 0.91021962451 0.10648111279 0.089736147358 0.00110803842292 0.786164307742 0.00325139327166 0.226122989343
0.27757124174 0.72242875826 0.561338743015 0.461810670246 0.181567590969 0.00153803942101 0.0665103106525 0.000455828309444 0.935207792845
0.784717210981 0.215282789019 0.419872754152 0.73337265398 0.0542098605839 0.0696246936742 0.00639090457645 0.132660706433 0.944789921636
0.356178713042 0.643821286958 0.622929085166 0.40069496873 0.163273280959 0.00533700272156 0.00859274606777 0.0136509954529 0.987718743994
1.0 0.0 0.17459128556 0.96857388068 0.137640645307 0.204407978387 0.00833551015362 0.297124474279 0.873579335647
0.220817277573 0.779182722427 0.376008684934 0.533709836534 0.381225925476 0.00121316978214 0.00139580635745 0.000381199365656 0.999368297216
0.247152140035 0.752847859965 0.485275232816 0.570813992114 0.160874679577 0.00459108665119 0.0491024651164 0.000322013504529 0.951917565655
0.405641839744 0.594358160256 0.780514272136 0.268122366175 0.0857390266116 0.0138108186934 0.00652679625562 0.291816023342 0.90588020934
0.224824556404 0.775175443596 0.418250058303 0.635742367394 0.182823641458 0.00628473201308 0.0201803223509 0.00309436199693 0.979303920938
0.195978781626 0.804021218374 0.917641247548 0.0745220379564 0.119286430972 0.000117149355306 0.442482349769 0.016534238269 0.560599182286
0.488722454578 0.511277545422 0.774942143925 0.308262218826 0.0427074576079 0.00132115445139 0.00105879576479 0.0521936561944 0.984300875199
0.267775887818 0.732224112182 0.45184022732 0.552914896752 0.23675197713 0.00100780560756 0.0323002820986 0.00013829391316 0.969053841898
0.386419516972 0.613580483028 0.859834375921 0.19341560305 0.0570112418777 0.000803983180772 0.115846493894 0.209628808062 0.824658209892
0.605296481564 0.394703518436 0.358907389144 0.726658790612 0.159094224613 0.149427726581 0.00266706508955 0.0351376079606 0.965289876696
0.287688960431 0.712311039569 0.554451620967 0.484750505508 0.162818713492 0.00211949734894 0.034988363853 0.00092490362513 0.966005731885
0.197593904937 0.802406095063 0.428323127909 0.622296646315 0.184286354779 0.00488132332289 0.0241533110911 0.00244440193894 0.975799596745
0.18620440043 0.81379559957 0.956982512586 0.0547078527729 0.0827803680697 0.000169121478597 0.771935803026 0.0010286177696 0.240929920188
0.448532584878 0.551467415122 0.685070816532 0.368764998223 0.106426359488 0.00231346254003 0.00152093353203 0.152167923786 0.954013717896
0.236160487154 0.763839512846 0.782661975973 0.225697054351 0.137125856027 0.0 0.30278499645 0.000473585008927 0.702882510478
0.307202938266 0.692797061734 0.846567116758 0.192659091849 0.0789264657918 0.00197626317691 0.247549690513 0.000850981186599 0.756835745422
0.360191219597 0.639808780403 0.792798047358 0.236467513857 0.107223041224 0.0605767223705 0.00385234249619 0.0388467962019 0.976515193126
0.279812437608 0.720187562392 0.429051345018 0.45500638864 0.399129588498 6.03001720441e-005 0.00593854410226 0.00035370746397 0.995080343396
0.22009875368 0.77990124632 0.784852087803 0.209132853304 0.155055849285 0.000519417143492 0.455396974056 0.00122833928232 0.552371067242
0.636545053143 0.363454946857 0.387912897506 0.736121411732 0.101100124585 0.125538799114 0.00698996973653 0.0447188883177 0.961818282061
0.360942436627 0.639057563373 0.774242262118 0.252867724097 0.115333191768 0.000471043331905 0.0731525378475 0.000151479736019 0.928922570223
0.307459848639 0.692540151361 0.600794801196 0.389791945429 0.212282908557 0.000802575065821 0.00130155185972 0.0201883335801 0.993642833143
0.922831470617 0.0771685293832 0.401971856399 0.779039709729 0.0234993291446 0.119534524488 0.0210032321191 0.0472760813153 0.948178329742
0.205458536334 0.794541463666 0.862213002368 0.140757097664 0.121245952242 0.000108362383474 0.536663959087 0.000815303400404 0.472569012025
0.483919029172 0.516080970828 0.648160021155 0.428473971694 0.0875875103675 0.0464676752396 0.0331070635463 0.458313897576 0.825327238347
0.268757095863 0.731242904137 0.832572361728 0.177584043284 0.120476839384 0.000406570950066 0.376951266409 0.000295457700312 0.629875431283
0.371034043082 0.628965956918 0.286788196939 0.737972740938 0.258305482976 0.280584918345 0.0154013917678 0.0235320728838 0.936283809006
0.344007038386 0.655992961614 0.525790956584 0.512953762042 0.171637250004 0.0270662825927 0.0164287599219 0.00684748334361 0.978726183306
0.228099467816 0.771900532184 0.521541086247 0.492232364509 0.205098321893 0.00434195479478 0.0209078201489 0.000549252158932 0.979638539856
0.264232373815 0.735767626185 0.477939510138 0.517314595093 0.241526333954 0.00185543722745 0.190047798457 5.62529306613e-005 0.813686334447
0.0132429965019 0.986757003498 0.166847343829 0.936474678625 0.19130624267 0.0144646900361 0.351478550664 0.000407163889162 0.652778906509
0.271719920996 0.728280079004 0.648641337128 0.371803224868 0.159996870632 0.00270367210926 0.475973304014 0.00249764074169 0.531410242222
0.201828877901 0.798171122099 0.835711335027 0.174547024189 0.119444060527 0.000494406220252 0.582920310661 0.000215007075061 0.427160752302
0.440395298213 0.559604701787 0.719387370833 0.320933688091 0.114023917276 0.0455932270222 0.00254464397372 0.0333165543288 0.98171961819
0.261353989866 0.738646010134 0.491113672655 0.546582058491 0.182946853618 0.00464850727559 0.0389189311449 0.000153488667987 0.961982032227
0.253305242014 0.746694757986 0.480739061594 0.481720802296 0.283064073288 0.000969131704199 0.0381777806285 0.000212643894465 0.963252707627
0.27140708436 0.72859291564 0.516270651136 0.450372941672 0.267461873031 0.000935062629263 0.0106318497673 0.00103615607872 0.99012549524
0.28542568358 0.71457431642 0.565400711944 0.394253855873 0.262381207585 0.000549292152023 0.0454079610331 0.005986599181 0.954485910146
0.252118497377 0.747881502623 0.715597939695 0.266845518 0.18983897068 6.15005175239e-005 0.136277143527 0.000124115029462 0.866862436461
0.220465654003 0.779534345997 0.757203240404 0.280504650272 0.106541579757 0.00268145128211 0.54478584707 0.00276619516467 0.46360507483
0.242300079405 0.757699920595 0.452896856938 0.431862974975 0.391377470752 0.00178876327474 0.00195007461229 0.00508604199561 0.997338514806
0.22561077278 0.77438922722 0.508551177063 0.506436327598 0.207259998941 0.00236547655072 0.235721064272 0.000117093773602 0.768636860517
0.155364618665 0.844635381335 0.444478462834 0.568183884829 0.228656200329 0.00640229453076 0.0160884080897 0.000683429521255 0.984029325626
0.351256323126 0.648743676874 0.518492371687 0.484733629247 0.219591621904 0.00247406400148 0.0224964237176 0.0071190832864 0.976408085189
0.329396368203 0.670603631797 0.563927256176 0.455299334186 0.185889326781 0.0021332590319 0.00472905042462 0.0170525000702 0.990998238379
0.213455272431 0.786544727569 0.839096312347 0.161067350764 0.131505800914 0.00163998402169 0.730910231838 0.00287943205432 0.280536515202
0.242727186253 0.757272813747 0.498052448566 0.498414390267 0.234186477874 0.00137687139634 0.0728847347864 0.000247822480174 0.929019990678
0.467225414582 0.532774585418 0.619984611234 0.459308309552 0.0922431622259 0.0330975712769 0.00379143717238 0.0926772393588 0.964766347335
0.313857935257 0.686142064743 0.599673811769 0.396491047401 0.205402688197 0.00694177833356 0.0138654294882 0.0103566204815 0.983263469754
0.751564733544 0.248435266456 0.326957329364 0.751431754872 0.177533039739 0.170375400039 0.00582084126463 0.294302857591 0.88206039801
0.214985308503 0.785014691497 0.409906161724 0.49061877893 0.383364619045 0.00188961319732 0.0015241575496 0.000307984309527 0.999160977881
0.229251961587 0.770748038413 0.526885716471 0.519596919638 0.161332350938 0.00432650538957 0.051535122092 0.000161718540296 0.949610991138
0.367138673478 0.632861326522 0.788259946807 0.238436364154 0.111843070382 0.0106602169604 0.0218401288845 0.251385139551 0.903290129619
0.204963543169 0.795036456831 0.436011847682 0.60666388423 0.192335806089 0.00783208246999 0.0263247131289 0.0024745359922 0.973205335315
0.206704073968 0.793295926032 0.912193684354 0.0657184586793 0.139250325133 0.00018058227572 0.417291228639 0.0214637809681 0.583920389916
0.365250926148 0.634749073852 0.856221957847 0.174222541917 0.0874930102814 0.00254380046189 0.000572482742256 0.0448970736414 0.986760154994
0.281767858622 0.718232141378 0.463969643468 0.535741829858 0.239781817697 0.0016125187937 0.0448307465515 0.000136331218224 0.9566294698
0.328683220921 0.671316779079 0.80614921348 0.225956585337 0.0997230596075 0.00131910369116 0.102713064003 0.131247752131 0.860777315074
0.383457322457 0.616542677543 0.415702706092 0.59974437295 0.233321773186 0.0867738972383 0.00339399500817 0.0272148309278 0.976441389804
0.25199500698 0.74800499302 0.600388925443 0.416244629562 0.178769761975 0.00226318434829 0.0452597351916 0.000194029383663 0.956091295327
0.164598627482 0.835401372518 0.47624689188 0.546229095293 0.206865422244 0.00384924837457 0.0228139847472 0.000859522343405 0.977745102437
0.195955543273 0.804044456727 0.928548550805 0.0775429588788 0.0981720703439 0.000658454657224 0.718736347878 0.000852802912739 0.293269420507
0.373152655581 0.626847344419 0.698883954343 0.319144757586 0.148692272957 0.00240328065957 0.00139183852126 0.119503239046 0.963825037354
0.219797353534 0.780202646466 0.749436927143 0.242984446971 0.167241670259 8.26338401729e-005 0.270152366339 0.000125817419007 0.735091907878
0.300743470192 0.699256529808 0.726202391781 0.309577910874 0.117930126766 0.00223210679281 0.222286287501 0.00211417197537 0.781287388671
0.299176378005 0.700823621995 0.811283899154 0.204027259787 0.119932949858 0.0671925942196 0.00406730913549 0.028019735704 0.978513379889
0.249631107598 0.750368892402 0.464242474066 0.402347215696 0.411580257598 0.000166116657074 0.00183430720048 0.000330757029065 0.999110686652
0.241409333667 0.758590666333 0.738694550669 0.255914246975 0.167501379573 0.00149737524704 0.417999475975 0.00167117059765 0.588899601193
0.439946823475 0.560053176525 0.425662375369 0.633131525041 0.174496396779 0.139600939755 0.00666629769968 0.0310212562153 0.964068064662
0.327032798259 0.672967201741 0.792931284778 0.212396680274 0.138091202339 0.000486700048498 0.0821682195759 3.68196633596e-005 0.92008054105
0.294123492144 0.705876507856 0.566646256852 0.419918083197 0.227279773988 0.000872901757253 0.00232860543387 0.0169661410989 0.993577919247
0.585814698581 0.414185301419 0.573417958705 0.539068355484 0.0627548229677 0.0715825028539 0.00946602961423 0.0320856083437 0.97132589384
0.190667070221 0.809332929779 0.74057433734 0.280583116026 0.13268411275 0.00013995053854 0.49954465232 0.000830372672865 0.509094453557
0.381119357382 0.618880642618 0.630465340138 0.421060633503 0.125084910852 0.0528503087523 0.0341186498401 0.466046774689 0.821066466719
0.245746918638 0.754253081362 0.700730507916 0.314233383588 0.152119224341 0.00122845209237 0.360851672418 0.00103596821765 0.645376806704
0.310074974774 0.689925025226 0.24931941578 0.755933088137 0.294249914938 0.269517606963 0.0195525372172 0.0157244511111 0.936196776196
0.277117102661 0.722882897339 0.478035921691 0.499214159459 0.26474408824 0.0328571147181 0.0155523110405 0.00626690880146 0.978881785509
0.200326741612 0.799673258388 0.433303197358 0.561203563601 0.255305538459 0.00366001510557 0.0251419738548 0.000482636013462 0.975594409152
0.256222222705 0.743777777295 0.403722432802 0.542480686163 0.326163653138 0.00187383913263 0.191077417815 0.000111990854755 0.812653587896
0.0752830188556 0.924716981144 0.169429081285 0.892635220257 0.243833916351 0.0143199357793 0.379414786011 0.000396021886308 0.625307931384
0.221372476019 0.778627523981 0.510275028095 0.511269313324 0.198299420997 0.00228953767723 0.411424455714 0.00187065549648 0.59519154555
0.169915465858 0.830084534142 0.696748039598 0.327457346062 0.141330602713 0.000769011061493 0.515265608096 8.3251550909e-005 0.49374737182
0.393919484106 0.606080515894 0.622816857793 0.366236525659 0.207940530836 0.0382421494621 0.00166345169994 0.0379643349812 0.982323396387
0.250340776294 0.749659223706 0.367062623126 0.655423879019 0.238196704495 0.00685192910651 0.0599324197321 0.000299948620448 0.940921385826
0.243681713534 0.756318286466 0.432503127581 0.498411134964 0.337641041894 0.00106336383784 0.0479825938495 0.000423161016531 0.953525499715
0.252167070439 0.747832929561 0.454691756662 0.458979281543 0.353534227096 0.000595243255505 0.00941112376668 0.00125461046431 0.991313744399
0.269528050227 0.730471949773 0.475261629213 0.46033400196 0.319321609214 0.000764131404961 0.0489520385476 0.00607113706856 0.950939923789
0.240900622249 0.759099377751 0.670822971929 0.288038967101 0.233139737147 4.01745911275e-005 0.120624759598 5.36803083171e-005 0.882292460194
0.199892029521 0.800107970479 0.655386853214 0.39123800159 0.124258341878 0.00418041986265 0.516841773986 0.00340758554585 0.490690993587
0.225818618266 0.774181381734 0.470215846347 0.384620210487 0.425040809484 0.0012594172776 0.00148618633879 0.00590615826482 0.997631998895
0.225752289342 0.774247710658 0.452752911085 0.541995128314 0.249410351705 0.00462500477953 0.236776132821 0.000156888061962 0.767243455541
0.137961712559 0.862038287441 0.388294855426 0.58641454997 0.293787477695 0.00700482754867 0.0168168138777 0.000969388732584 0.983135990107
0.320994359293 0.679005640707 0.4828044644 0.525783076902 0.222914569436 0.00406252949786 0.0485648763327 0.00680222075652 0.950603031586
0.283151117288 0.716848882712 0.478361063407 0.479937092338 0.28912003657 0.00272492126441 0.00472002074932 0.0200708425801 0.990021151359
0.208434714954 0.791565285046 0.724026358518 0.29606985635 0.138804933436 0.00234476593614 0.703076092491 0.00338234785927 0.30767595099
0.220385796819 0.779614203181 0.395933131238 0.563897428124 0.310805103911 0.00246303822479 0.0859264159971 0.000753940835056 0.91586849272
0.461538709474 0.538461290526 0.507896553422 0.508829459371 0.205203299701 0.0277024673047 0.00283310218529 0.127798477601 0.956101674971
0.27818256278 0.72181743722 0.504937777951 0.452982995234 0.281977583081 0.00591834869707 0.0135367553299 0.0109840447011 0.98355611093
0.675902622209 0.324097377791 0.300210624571 0.747929425857 0.224266803662 0.11499899494 0.00749680923618 0.248349146211 0.902463746431
0.197141279442 0.802858720558 0.400210971256 0.457451756418 0.441488378647 0.00149632288514 0.00193909158217 0.000653161717042 0.998709824254
0.221582189857 0.778417810143 0.409625928814 0.628562079395 0.205704942269 0.00568614003739 0.0719208341857 0.00025929446319 0.929310887471
0.307583332948 0.692416667052 0.771591158452 0.232314905156 0.146053423876 0.00902035626407 0.00898931631108 0.317398529994 0.896588711861
0.215996446667 0.784003553333 0.332327175272 0.707930888561 0.22522333826 0.0106580486806 0.0454840613457 0.00258618451936 0.953885422271
0.190300616813 0.809699383187 0.816580508569 0.192334532866 0.126670570163 4.32091633871e-005 0.405333424965 0.0242918040277 0.594871112633
0.365232165549 0.634767834451 0.682785466324 0.31902334188 0.174255773308 0.00284577990557 0.000336930397595 0.0572013760354 0.983293083961
0.239550196386 0.760449803614 0.423292100953 0.553444720479 0.281122745961 0.00221718021493 0.064725878209 0.000318441010205 0.936901775222
0.289946033699 0.710053966301 0.660323156719 0.36514280071 0.150159982865 0.00106390911348 0.100200093435 0.179669847514 0.848913309745
0.34118008533 0.65881991467 0.308970551431 0.655427968717 0.32987270629 0.0776075427763 0.00284144960448 0.0232607373064 0.979551201278
0.225099000124 0.774900999876 0.517532669969 0.482725540223 0.223698921809 0.00313731503668 0.0622632412684 0.000266705813589 0.939201253539
0.139745771662 0.860254228338 0.440695345231 0.552053873503 0.255452589908 0.00294812702568 0.0197528525651 0.00216192147129 0.980508198977
0.155679915919 0.844320084081 0.838207044794 0.182613050726 0.105091072711 0.000176529318669 0.638759618308 0.0025750593165 0.37154845332
0.346648524152 0.653351475848 0.610937637807 0.366209235999 0.226723626752 0.00110285756498 0.000867177101331 0.146303697026 0.956582068591
0.19985597863 0.80014402137 0.6410433863 0.36515637144 0.180569919345 0.000144037054107 0.255188392109 0.000300267285059 0.749759095864
0.259223644618 0.740776355382 0.60291527086 0.437697798653 0.147083960219 0.00223860002468 0.205104925942 0.000812422641911 0.798583653365
0.274609396235 0.725390603765 0.731246452644 0.259098030486 0.175145355759 0.0695308663874 0.00261671762859 0.0262407802915 0.980114187924
0.261538446169 0.738461553831 0.454205920647 0.40266362912 0.427011481858 0.000814584484328 0.00177333396658 0.000479354464608 0.999028104061
0.219602587489 0.780397412511 0.662759423256 0.326429393864 0.196298870191 0.00152615204233 0.375491146418 0.00150784957023 0.63078258314
0.367457977846 0.632542022154 0.327299311996 0.65895020509 0.296398493355 0.137025992752 0.00568810561912 0.0334292289777 0.964706980754
0.289407156693 0.710592843307 0.741734691146 0.257305252761 0.160907448951 0.000320433049071 0.0926031960137 6.29421667784e-005 0.909827399878
0.286300024159 0.713699975841 0.477332472854 0.473814896013 0.298647881026 0.00121268925986 0.00467827915434 0.0182553973932 0.990830879187
0.504978727065 0.495021272935 0.530796434197 0.531879234927 0.139302435732 0.0492297033655 0.0073216587221 0.0379864669272 0.97507912999
0.175108540383 0.824891459617 0.606923681814 0.395236959494 0.195580079871 0.000132234394032 0.485600845741 0.000774969750829 0.522836278781
0.303322257153 0.696677742847 0.550055044195 0.465632872537 0.194440659083 0.0434081627885 0.0416139812363 0.512134732814 0.80143992405
0.231351838134 0.768648161866 0.556003872962 0.425453054375 0.236929317282 0.00186094059107 0.34621841443 0.000676657509043 0.659790229817
0.257954436985 0.742045563015 0.133499846552 0.824903035047 0.387988333971 0.220050475951 0.0247620064265 0.0125657793185 0.939519350911
0.24324461657 0.75675538343 0.353995781717 0.571221990744 0.367533978808 0.0261032254342 0.0147404519383 0.00563520651922 0.980894070333
0.192443219886 0.807556780114 0.187300618735 0.783005097339 0.357175052381 0.00318875066563 0.0265908755865 0.00056053887188 0.974216765001
0.230437792362 0.769562207638 0.243359948969 0.705447712456 0.368838077358 0.00274260982909 0.188069203941 0.000258488916496 0.815438997165
0.0896779753216 0.910322024678 0.0590992095485 1.0 0.279335959165 0.0176962642495 0.395033926649 0.0013448200068 0.609140348078
0.191357677726 0.808642322274 0.332281598493 0.633721783328 0.321108444129 0.00236278726828 0.379050063338 0.00170281883755 0.627094777202
0.159334668044 0.840665331956 0.542889627809 0.460919116727 0.211835209924 0.000976876257104 0.485922119588 0.000172150738849 0.522570767471
0.35828090213 0.64171909787 0.466096132709 0.510564976236 0.268932225248 0.0248351062704 0.00114895914395 0.0312983037051 0.986844910669
0.213825658767 0.786174341233 0.202678652292 0.7793938613 0.337567895139 0.00549039199176 0.0682630251844 0.000381432462249 0.932904554403
0.226210594525 0.773789405475 0.292068424862 0.61426195296 0.409698193177 0.000664167767935 0.0493668973229 0.000316632074996 0.952255248365
0.23278998629 0.76721001371 0.314009208054 0.561130708722 0.443670146245 0.000316171688809 0.00877140041148 0.0013552316306 0.991955899622
0.225860776257 0.774139223743 0.307329432478 0.580760624013 0.428867551205 0.000933818010146 0.0502074382992 0.00301752972814 0.950585119232
0.233306006787 0.766693993213 0.532382659497 0.401298445477 0.305395070285 0.000184885396144 0.104885954944 8.63995185402e-005 0.897751703192
0.185211903133 0.814788096867 0.507905150692 0.505836772333 0.20905366228 0.0037612563749 0.502676924189 0.00355153923908 0.504653676858
0.222349647003 0.777650352997 0.372263448135 0.466506658628 0.473904335888 0.00115101725619 0.00171683930726 0.00686942337497 0.997135454301
0.221336319738 0.778663680262 0.285466040679 0.697110493633 0.313150357441 0.00356215654417 0.231712204605 0.000200694762042 0.77237603281
0.13549385279 0.86450614721 0.208635368801 0.709575742494 0.418310833926 0.00601367415682 0.0175301906112 0.000841625634663 0.982622299551
0.278640718898 0.721359281102 0.330036507625 0.665109327222 0.284126441538 0.00295008369082 0.0550687367423 0.00556305824408 0.944738437903
0.27058912108 0.72941087892 0.317882195459 0.61908331542 0.362733755931 0.00258158855403 0.00454039624887 0.0208430586162 0.989990448746
0.188827829759 0.811172170241 0.617824981778 0.35989836022 0.224002100928 0.00292590645119 0.688620279672 0.00455110266865 0.32146885029
0.19144339809 0.80855660191 0.269591644535 0.632324691969 0.421849952221 0.00160474705626 0.089984628739 0.000419402474726 0.91210385737
0.400276056465 0.599723943535 0.343644190509 0.639890981679 0.295210726473 0.0164403894614 0.00236491769417 0.139760502067 0.954721341469
0.241202534253 0.758797465747 0.337321750878 0.576254444379 0.387351518791 0.00418035910673 0.014642521506 0.0120135507182 0.982426042847
0.522768563565 0.477231436435 0.236978263403 0.784703544348 0.276580567118 0.066131715316 0.00799549712082 0.199903913185 0.923777054183
0.198101802631 0.801898197369 0.268641688039 0.573282254789 0.49958030288 0.00109082110247 0.00074100206754 0.000486857696129 1.0
0.193129339701 0.806870660299 0.180007682307 0.829698639334 0.308397646672 0.0039117772074 0.075961649532 0.000250073719529 0.925605908337
0.270143290629 0.729856709371 0.689284638929 0.314390995073 0.169979672559 0.00530909279519 0.011863377319 0.301259038674 0.899115210027
0.187389677431 0.812610322569 0.164055094981 0.842708711248 0.316776503336 0.0130604344353 0.0589049156645 0.00299410276508 0.940189993086
0.187744874081 0.812255125919 0.613457319582 0.406862119549 0.170259124417 0.000145749833759 0.384300057027 0.0293195676016 0.614064947736
0.333378934286 0.666621065714 0.50693946075 0.456184818048 0.274684563255 0.00198539166373 0.0 0.0731569798329 0.979018270967
0.213668992468 0.786331007532 0.249060454422 0.694022917993 0.374592332225 0.00146423282404 0.0683779934202 0.000241774997459 0.933444283606
0.240483063891 0.759516936109 0.489490659268 0.474418959322 0.278679832042 0.000681029847744 0.100760330539 0.125439863332 0.864520512673
0.299266751007 0.700733248993 0.187544186889 0.737106296261 0.416051707268 0.0563659580882 0.00285776195761 0.0195862708962 0.983851872289
0.208424323436 0.791575676564 0.29965363505 0.676952953457 0.316785293735 0.00214316582455 0.0660649639905 0.0002214095935 0.935623826705
0.150882603137 0.849117396863 0.22129498696 0.737362095802 0.362455707984 0.00386387154771 0.0212021368797 0.00129015474512 0.979201492999
0.164687933692 0.835312066308 0.659174357706 0.35572010066 0.16413890153 0.000248002019717 0.599675132575 0.003030007841 0.409871470298
0.303635967289 0.696364032711 0.433770499332 0.509841980221 0.320882225967 0.000697349575187 0.000593877706867 0.168585879929 0.950297233924
0.184633971127 0.815366028873 0.494374538341 0.482842721983 0.260095938241 4.44031214567e-005 0.243881525012 0.000196118754776 0.760933942015
0.219714195084 0.780285804916 0.443407332758 0.567014958863 0.2318558934 0.00230528160451 0.201352321137 0.000812847784825 0.802266905501
0.242960109821 0.757039890179 0.572626976802 0.405673564898 0.236232406399 0.0417358922782 0.00270414046623 0.0304765308162 0.982991600511
0.248349076486 0.751650923514 0.358532087344 0.477724102512 0.48109214405 0.000411446623576 0.00105841731787 0.000221386109315 0.999869571914
0.228896284183 0.771103715817 0.467199961295 0.520898653976 0.253848093801 0.00162022848506 0.345463457274 0.000357882345009 0.66066449424
0.328944996058 0.671055003942 0.18316260573 0.751557946453 0.404307870695 0.100282230666 0.00554938345659 0.0304806435239 0.97129893917
0.259460906729 0.740539093271 0.565798628363 0.422399276543 0.225413977805 0.000223608977138 0.0862580141712 7.56381851791e-005 0.916083585684
0.263656376829 0.736343623171 0.32733971247 0.602711699879 0.368945631654 0.000971586905257 0.00498774624035 0.0181617861793 0.990590692841
0.423496054471 0.576503945529 0.390652466358 0.650354902167 0.20751174081 0.0301842857008 0.0049005499951 0.0435049795027 0.978715993191
0.156296057394 0.843703942606 0.61952431046 0.302331586725 0.295646067455 0.000595359651709 0.447797735915 0.00142230257094 0.559781505451
0.239575664354 0.760424335646 0.590139303225 0.365284044922 0.260742229132 0.0328729906395 0.0481239997594 0.407617280871 0.827662772473
0.198371770445 0.801628229555 0.591716630229 0.275673167768 0.373951659213 0.00313088277562 0.31245582892 0.00131051672431 0.692640041418
0.209122357557 0.790877642443 0.313193929104 0.586064294375 0.412764467339 0.123148927953 0.0609617396502 0.00879979468962 0.919723556166
0.218771737157 0.781228262843 0.423385566957 0.438966528458 0.428780808618 0.0400096014299 0.020897456178 0.00550788281788 0.972759974242
0.165660428144 0.834339571856 0.283026560823 0.606576567909 0.433890908414 0.00296363013084 0.0368731869208 0.000784934290169 0.964063956532
0.177971373501 0.822028626499 0.358842817004 0.538564972869 0.402048624598 0.00260910894232 0.191805182081 0.0 0.811858874385
0.0464697152772 0.953530284723 0.143246710006 0.857819859662 0.330106060304 0.0244524340056 0.490361114479 0.00192677314276 0.514115686006
0.17003634144 0.82996365856 0.374851266053 0.505410804713 0.419590138024 0.00196457935861 0.304358428907 0.001708481445 0.700668880304
0.153279470877 0.846720529123 0.579573308241 0.356297135373 0.289020767512 0.00146360621667 0.43164139986 0.000463445125594 0.575836217603
0.292413688352 0.707586311648 0.583254735573 0.30477087173 0.349737524336 0.0340799958858 0.0020601307813 0.0299922341381 0.98493189705
0.184179408618 0.815820591382 0.29290294329 0.601475748362 0.424889729802 0.0162998887584 0.103425403558 0.000783781292557 0.89653493637
0.195591270873 0.804408729127 0.39693955216 0.450385742982 0.45577445475 0.00165777701925 0.0615587075042 0.00053149173664 0.940040765315
0.207254021243 0.792745978757 0.40279979597 0.386068103471 0.529567845091 0.0019267702543 0.0100826742469 0.00193465230745 0.990248661598
0.210386936137 0.789613063863 0.375153166099 0.430100061836 0.516349204819 0.00183327810731 0.0533405621083 0.00581714595779 0.946533559844
0.212694928732 0.787305071268 0.550682385051 0.317268507019 0.385007417786 0.00104042391182 0.0955850466599 0.000383526648224 0.906687991691
0.160774825418 0.839225174582 0.574720193525 0.352386637112 0.301728923635 0.00199107066759 0.460610256429 0.00072304915434 0.547166416651
0.191034923368 0.808965076632 0.433238991744 0.356999684177 0.519059451511 0.000842671354141 0.00143283840245 0.00774765381837 0.99720106874
0.196119956133 0.803880043867 0.394536983059 0.554705756771 0.324876103866 0.00397996993256 0.230308133474 0.0006369411684 0.773565022599
0.118621958348 0.881378041652 0.278809510302 0.557400646682 0.504038509789 0.00754186419906 0.0214093025021 0.00120344280411 0.978464784128
0.23079080506 0.76920919494 0.419721486762 0.511631387956 0.340744120437 0.00424774002136 0.0967884321522 0.00511588650662 0.903611484771
0.226457590761 0.773542409239 0.4289949701 0.418254372777 0.446669979149 0.00516379708973 0.00614613815953 0.0195257034239 0.988408967287
0.17532842188 0.82467157812 0.66792057064 0.218626881009 0.327339954074 0.00424962296 0.633616905229 0.00534584001967 0.375168998533
0.156297865679 0.843702134321 0.327605227516 0.483242090917 0.522776704927 0.00218059986724 0.104769523959 0.000656799436879 0.897393878418
0.339249892563 0.660750107437 0.472569284301 0.384256034166 0.421796795417 0.0110437363279 0.00248259818465 0.130542129548 0.958161929864
0.227079383269 0.772920616731 0.379218217382 0.441619867867 0.495060213602 0.00540197554023 0.0198838720432 0.0138645433294 0.976532174949
0.38138139773 0.61861860227 0.363048777156 0.598552933373 0.317958839876 0.0374116757546 0.0372369235046 0.145906161802 0.915389180204
0.163835889907 0.836164110093 0.346026901214 0.435972350451 0.55473460955 0.00178836416455 0.00148134891333 0.000658906512575 0.999114302132
0.167459316609 0.832540683391 0.261606068271 0.663252667834 0.394520980123 0.00654204161466 0.0918374311226 0.00061095071044 0.909473574595
0.264781199837 0.735218800163 0.700345546332 0.278926579125 0.198312245088 0.00533777665857 0.0168523764671 0.285677978014 0.898826325865
0.141832074146 0.858167925854 0.239446427694 0.674763610746 0.414631410075 0.0145117209286 0.0862914638975 0.00334645941594 0.912909748903
0.188737758661 0.811262241339 0.605182642379 0.363295319171 0.239568426358 0.000776343931935 0.363071746724 0.00432022163834 0.642285284892
0.326104325839 0.673895674161 0.556922420006 0.319341856343 0.372482402771 0.0018744271713 0.000142355503671 0.0806768507765 0.97666241605
0.176322308891 0.823677691109 0.36173295344 0.505176559149 0.440595983698 0.00380947807535 0.0899809870193 0.000684155617272 0.911694022046
0.204992100903 0.795007899097 0.466892110441 0.387646868956 0.426378558735 0.0019508715954 0.0908347883728 0.111832242146 0.878136894936
0.252235036617 0.747764963383 0.387782488864 0.481548171571 0.429991623439 0.0341788770225 0.0101811829912 0.0177871049293 0.980547337882
0.165980920735 0.834019079265 0.331651117141 0.563820521318 0.412354689264 0.00262186815854 0.0847392053512 0.000519241581861 0.917082565997
0.169956217716 0.830043782284 0.273074055076 0.614904165928 0.438846053295 0.00468609957959 0.024151688235 0.00227207866523 0.97588200273
0.160377359154 0.839622640846 0.698404315611 0.254612520899 0.232768378433 0.000358819350093 0.543553028947 0.00122995338193 0.465627297023
0.300895281489 0.699104718511 0.487148637583 0.372649427881 0.413773137046 0.00117038791274 0.0011213305585 0.166055634001 0.950457461921
0.169190996552 0.830809003448 0.520841375684 0.393085196447 0.33421392391 0.000700777471755 0.225298071236 0.000492739967257 0.779036980451
0.21325885313 0.78674114687 0.48605545973 0.4576330073 0.305774036037 0.00377265305036 0.177089729826 0.00166199150869 0.825672440396
0.233779142606 0.766220857394 0.651882170522 0.278019584962 0.275968499431 0.0628704824411 0.00511099154426 0.0283354724952 0.978048762363
0.191242229836 0.808757770164 0.444359714826 0.332950169308 0.532559566798 0.000933204070772 0.00120392633661 0.000383341801425 0.999599035594
0.234512060351 0.765487939649 0.48440778498 0.468595386608 0.294220613043 0.00185347068806 0.309467440484 0.00149229543173 0.695721388118
0.288482703027 0.711517296973 0.380813107148 0.483481188256 0.438494981859 0.0498665607865 0.0176641567067 0.0270305210576 0.968055539105
0.217571578557 0.782428421443 0.584146442642 0.326244208824 0.320605479961 0.000436039568894 0.0797686585402 0.000384995442247 0.92234663394
0.223330970217 0.776669029783 0.404585221151 0.448102894904 0.446655451195 0.00273710448078 0.0110530747593 0.0165011976314 0.984845787385
0.392120523868 0.607879476132 0.484650837354 0.478066472741 0.281608677115 0.0171588214303 0.0118933156302 0.0517686861827 0.971358007759
0.136567728692 0.863432271308 0.667128418979 0.174667111644 0.385347657755 0.00232244757167 0.41985332154 0.00182830429683 0.586903002407
0.224296320432 0.775703679568 0.698760088478 0.185143226011 0.321900387571 0.0372910104627 0.0462536500821 0.297406334306 0.861553528947
0.16355527932 0.83644472068 0.590005223777 0.135743688103 0.557318958222 0.00484095558726 0.304382336802 0.00152215373667 0.70026385385
0.200013892929 0.799986107071 0.530295472401 0.306776792488 0.430728281974 0.183866785389 0.0784134128096 0.0115532752046 0.892508462898
0.187075738275 0.812924261725 0.610893360249 0.196202005589 0.446293965955 0.0421004932637 0.0315050845584 0.0113692104966 0.960261693676
0.156271171829 0.843728828171 0.498848898488 0.307679037218 0.479192557615 0.00781559779523 0.0589294916488 0.00170528540152 0.941344939518
0.182640409613 0.817359590387 0.600501723424 0.255406462608 0.386253803254 0.00812264740697 0.190097477977 0.0062283875891 0.810853221588
0.0337487880145 0.966251211985 0.343197617651 0.521884990305 0.448275909288 0.0556197820732 0.755937029017 0.0035895055661 0.247495531215
0.163808093625 0.836191906375 0.504424052437 0.227004969748 0.574554059614 0.00656156238713 0.248548114349 0.0023628583625 0.754707844846
0.143142495871 0.856857504129 0.653415219953 0.22015818746 0.348255285146 0.00439304177091 0.398287232842 0.000896558606518 0.608091627602
0.248188323524 0.751811676476 0.69564308085 0.105780578335 0.429286709097 0.0373147504365 0.00271549699667 0.0364294257325 0.981884460107
0.159200507966 0.840799492034 0.510057888471 0.289317742448 0.485209170532 0.022032678424 0.143729537923 0.00218166032044 0.855579937434
0.168850424137 0.831149575863 0.585677513603 0.202206321471 0.478337459792 0.00454435151793 0.080457419597 0.000958777817498 0.920874469081
0.167850804675 0.832149195325 0.560508382378 0.125584335256 0.61698805046 0.00369397360148 0.0124394743685 0.00289065525638 0.987376776489
0.187468856971 0.812531143029 0.551085040885 0.176531585717 0.56608079755 0.00924555503972 0.0583702839116 0.0108217633187 0.938971569764
0.188253066419 0.811746933581 0.603495862511 0.177365113851 0.482289512545 0.00365786905018 0.0991097969587 0.000612156732353 0.902753381974
0.145621819324 0.854378180676 0.716649338471 0.140733145355 0.351006390547 0.00536491969457 0.446429906196 0.00512808735429 0.559303255245
0.17565009555 0.82434990445 0.558350924793 0.169324407474 0.563919095422 0.00537093580191 0.00435605174936 0.00901585093535 0.9932597005
0.176913079657 0.823086920343 0.59455002925 0.295122929345 0.344367911524 0.0164699285191 0.233770066586 0.00231814028788 0.767761717088
0.11227557152 0.88772442848 0.471919292343 0.269898696483 0.570472150253 0.0164939255487 0.0299925467491 0.00192510539282 0.968442977212
0.187284327917 0.812715672083 0.636753160289 0.20425517145 0.395084224965 0.00857511648118 0.128047067576 0.00577308032368 0.871992860391
0.184939438209 0.815060561791 0.626100907148 0.114764693154 0.527439007388 0.00946457704786 0.00869587636848 0.021092156848 0.98478118868
0.153594863562 0.846405136438 0.73839014196 0.0538731032861 0.428842022106 0.00595152624181 0.588362124271 0.00666301167491 0.419061545211
0.141045553475 0.858954446525 0.49157989614 0.220435993475 0.603306154547 0.00639120813836 0.126295168909 0.00186674373006 0.875208584359
0.260431696308 0.739568303692 0.65713469375 0.108410225647 0.486665692453 0.0143394820908 0.00260731879076 0.14580275836 0.953007907358
0.185479038344 0.814520961656 0.551869409596 0.147766969454 0.601981595773 0.00825810936112 0.0286045381498 0.0182596988167 0.966210222454
0.30337169383 0.69662830617 0.540596664856 0.404242690779 0.288630287519 0.0444248408097 0.0658120125171 0.108837057971 0.897204619838
0.158529936599 0.841470063401 0.52133231601 0.207043624492 0.573641906209 0.00576283950755 0.0039533453994 0.00104748732873 0.99596229586
0.151269753884 0.848730246116 0.47432194129 0.352989403307 0.459399846582 0.0129168256875 0.118452145463 0.00131522442345 0.882100831314
0.23280292653 0.76719707347 0.817781977219 0.110598482396 0.230305802518 0.0139487637771 0.0246979844872 0.274751139266 0.893040686423
0.118634521463 0.881365478537 0.426977063458 0.373109953853 0.508141707032 0.0277430020525 0.117907241465 0.00457897694604 0.879416626442
0.169783255635 0.830216744365 0.646419061525 0.252689251583 0.317295021287 0.00378833412239 0.342622842147 0.0388709233807 0.651696887586
0.269477708254 0.730522291746 0.685433495085 0.0937020433474 0.460994432763 0.00371257306351 0.00128225784267 0.0861768288225 0.973628418394
0.156600758399 0.843399241601 0.583424342214 0.219388701516 0.459708841636 0.00593836252139 0.112995402869 0.000928324581025 0.888646271492
0.168715673766 0.831284326234 0.517399746358 0.233448015704 0.545756962846 0.00529453193283 0.0916801817785 0.129063695134 0.871681150336
0.1939238479 0.8060761521 0.549971562147 0.207645444839 0.52766623845 0.0466143037257 0.0139291872844 0.0210971143648 0.973987166453
0.133866230201 0.866133769799 0.485060942063 0.306074219502 0.503024818433 0.0059784123401 0.105081815992 0.000885113193826 0.896441973867
0.156465691814 0.843534308186 0.457087690505 0.319602023034 0.529706309038 0.0123504003117 0.0294403335368 0.00505050443071 0.968687833359
0.171509857599 0.828490142401 0.733032059376 0.171301629928 0.285683362671 0.00338370478289 0.487011990034 0.0021542181125 0.520544093095
0.240737440354 0.759262559646 0.653557696394 0.0752560657671 0.535117072988 0.00426209275777 0.0018544512616 0.1760210336 0.946307720726
0.140696319446 0.859303680554 0.579892535383 0.250645275392 0.424926641039 0.00294293157696 0.229988485755 0.000845069724841 0.773975331857
0.181641852912 0.818358147088 0.636170700459 0.222341350468 0.372651962263 0.00911191260307 0.17313055474 0.00280170382458 0.828420055664
0.205351666265 0.794648333735 0.80298931144 0.0668202987234 0.310174758157 0.0528697805088 0.00608696025461 0.0363181142006 0.976236912329
0.161990048398 0.838009951602 0.573203727731 0.140705739924 0.577428562115 0.0037841373597 0.00142581536721 0.000693392678278 0.998855638814
0.202018304185 0.797981695815 0.593400143996 0.297527060806 0.343078635389 0.0105936742315 0.287799375326 0.00253738742425 0.715410610463
0.224295533283 0.775704466717 0.566563071354 0.215207429441 0.491717949849 0.0929115226953 0.0235024172938 0.0343362051171 0.953603297597
0.162236883103 0.837763116897 0.600497275563 0.197119550839 0.461516468902 0.00182420648374 0.0668471364022 0.000466345920603 0.934829691072
0.1917157983 0.8082842017 0.598451296702 0.157257910304 0.51621177719 0.00629506910724 0.0259852348286 0.016815068418 0.969515286702
0.27517351334 0.72482648666 0.659899198401 0.190182481062 0.37672459038 0.0219239855943 0.00882689456733 0.056578776716 0.972224405234
0.1102690582 0.8897309418 0.504296609987 0.305890375224 0.472904329103 0.00569943163991 0.367126038701 0.00330958804782 0.63784726009
0.162240904158 0.837759095842 0.531984507246 0.288005708736 0.452298437966 0.0385481583649 0.0419650142774 0.252503663226 0.878914971931
0.122601282002 0.877398717998 0.447699907503 0.241385114183 0.645509917498 0.00742487817003 0.256346694965 0.00487919141745 0.746153898818
0.163041955867 0.836958044133 0.431362554424 0.415252113438 0.446809732182 0.239483879633 0.0987127551853 0.0213824114835 0.861164455764
0.171731008787 0.828268991213 0.487934265873 0.369795616677 0.416217878308 0.042673365045 0.04187175328 0.0186770258409 0.947801657324
0.124217805783 0.875782194217 0.448839451266 0.370661912231 0.47679907157 0.0178032351403 0.0834355781571 0.0034247823063 0.915197545294
0.139319109557 0.860680890443 0.525188417522 0.348025076352 0.385531608806 0.0215271867886 0.200059110556 0.00558507809151 0.799203819038
0.0102052756664 0.989794724334 0.326219497638 0.5284062949 0.466651073175 0.0587914997538 0.999746442582 0.00590977242587 0.00635535152408
0.109780224221 0.890219775779 0.359151756536 0.247672112192 0.777139884604 0.0162648961144 0.214702844269 0.00458644383647 0.785886343195
0.12980144424 0.87019855576 0.515411327892 0.359553669608 0.386077028223 0.00902899778074 0.362102705121 0.00239075748935 0.642558637689
0.20361265726 0.79638734274 0.532030194082 0.269804756931 0.475726025193 0.0375734272703 0.00375910715499 0.0437020636078 0.978658811332
0.12480135 0.87519865 0.462964986519 0.33905773691 0.495310978331 0.0361644615574 0.179712489523 0.00479566358167 0.817241514475
0.137181521793 0.862818478207 0.49866057754 0.310761297544 0.475510185858 0.00985563203723 0.0960577091017 0.00349317447902 0.903960840702
0.130039196901 0.869960803099 0.46444522839 0.219053984975 0.647914606848 0.00819620444353 0.0157422167302 0.00493842288532 0.982834361412
0.153807762397 0.846192237603 0.419536976618 0.299472615222 0.614958654632 0.0142563005745 0.066399364926 0.0179767513689 0.928183731918
0.155188687405 0.844811312595 0.467194557568 0.304225697057 0.533608333819 0.00617113357852 0.100043709141 0.00222439437519 0.900973845649
0.132378719415 0.867621280585 0.585022216852 0.255245078114 0.410892027766 0.00904193481594 0.417978577762 0.00677136426298 0.586260223924
0.133711550411 0.866288449589 0.474385746331 0.246180915707 0.597202178897 0.00899958007276 0.00351695754792 0.0102942163942 0.993154986878
0.143892430644 0.856107569356 0.501291408237 0.393701237225 0.364272423389 0.035542492546 0.249815525109 0.00504240041534 0.748263735473
0.0848985275163 0.915101472484 0.426482524835 0.321742449445 0.575244022354 0.0329685366801 0.0429169833411 0.00367294558775 0.95270128829
0.151854012494 0.848145987506 0.537786078293 0.310173604286 0.414520853329 0.0154429984116 0.156259025631 0.00884885766546 0.842269063821
0.151025242471 0.848974757529 0.526512725858 0.219556833591 0.54931004211 0.0152567540209 0.0124089259916 0.0282655457815 0.978117275384
0.121536294081 0.878463705919 0.577766745827 0.190056411428 0.506509328154 0.00951703100766 0.515167480291 0.00863279914596 0.489977159994
0.109506952856 0.890493047144 0.427834740204 0.282889221632 0.623274292467 0.0137852709381 0.143535635735 0.0053872855596 0.856071533859
0.206189632608 0.793810367392 0.516507455736 0.270927989508 0.498773878101 0.014167227806 0.00359123480457 0.181685929416 0.941412204288
0.142695324653 0.857304675347 0.455986484186 0.230836702159 0.646051299449 0.013189019408 0.037283529142 0.0207699211296 0.956173829919
0.246978980763 0.753021019237 0.498832051757 0.456860214335 0.286607707868 0.0530900112943 0.0794330845677 0.0756779622396 0.892326834844
0.145949848595 0.854050151405 0.482685032708 0.278547303894 0.542315162526 0.0113199637746 0.00432172402923 0.0022888274155 0.99438725427
0.116860951996 0.883139048004 0.435368844633 0.378185033047 0.488345185998 0.02586495275 0.150519696205 0.00307207155697 0.848050381742
0.168347097613 0.831652902387 0.644545721416 0.250441826372 0.323153243947 0.0167534879624 0.0266726013724 0.334560192019 0.872914379856
0.0843318906092 0.915668109391 0.395787841032 0.379138246276 0.549581464347 0.0577972602748 0.166926769145 0.0072681959971 0.825806579574
0.149919586932 0.850080413068 0.46520776159 0.414355415419 0.394552756583 0.00740241864011 0.310270075967 0.0406195557349 0.682472127609
0.2324619429 0.7675380571 0.522085395085 0.225137157415 0.549092392597 0.00872388657656 0.00522226698329 0.108135464756 0.962470076147
0.122521543645 0.877478456355 0.487493402796 0.330946328447 0.467072909889 0.0120219746542 0.127304242273 0.00291824217022 0.873048117409
0.135211540822 0.864788459178 0.401764440633 0.327490569912 0.606832724412 0.0105091299521 0.0938175737 0.179015575182 0.853955182197
0.149736226899 0.850263773101 0.414472592735 0.352012626649 0.555115614395 0.0576247176099 0.0172289570439 0.0300925122071 0.966396627857
0.0981475239642 0.901852476036 0.403227826349 0.368439910698 0.551652512196 0.0129378675066 0.120430409672 0.00219568260118 0.879889126073
0.15427845203 0.84572154797 0.383825824244 0.383309894802 0.563073879746 0.0332317770466 0.037109430006 0.00684326703489 0.957436157276
0.15783852315 0.84216147685 0.534017460495 0.36609712181 0.348264299884 0.00878802605064 0.426454026227 0.00403407634754 0.578769495149
0.184963322092 0.815036677908 0.505859123992 0.182679489688 0.629518923216 0.00615536029791 0.00298867686432 0.226024231249 0.93005827051
0.116454288134 0.883545711866 0.441381713147 0.368002498921 0.492002555009 0.00814948484434 0.221431454226 0.00270927399471 0.78105344861
0.149335666921 0.850664333079 0.508344193077 0.328801135498 0.436935768892 0.0141149669516 0.175235903988 0.00748993548749 0.824196185675
0.174200317433 0.825799682567 0.642509446155 0.235761083138 0.345321570485 0.0546538704932 0.0083344616292 0.0495630148999 0.969821559461
0.144958881331 0.855041118669 0.500941023294 0.253555320195 0.545771197015 0.00714019933443 0.00196217405051 0.00240950216743 0.997308566603
0.175203033592 0.824796966408 0.460824355331 0.43238550307 0.378191592975 0.0267655414047 0.259432272993 0.00486846034104 0.740182975657
0.190039752049 0.809960247951 0.446664633423 0.377132402728 0.471877175845 0.109322788928 0.028958697892 0.0456433368506 0.94238368667
0.119901008473 0.880098991527 0.411511398474 0.341558738897 0.57328625839 0.00739751743417 0.0536631239 0.00201480543953 0.946499963594
0.155338017945 0.844661982055 0.512037882688 0.239241627404 0.546738818017 0.0132660244867 0.0402525784345 0.019923605226 0.953491110948
0.217320552537 0.782679447463 0.508074198488 0.318707909226 0.45039348543 0.0262239337971 0.0104080958856 0.069746777594 0.966105624679
0.0996329339662 0.900367066034 0.296201731762 0.475558929369 0.582257820701 0.0225121146632 0.358568150133 0.00907287925922 0.642006072352
0.164306033569 0.835693966431 0.281306912379 0.493426611133 0.58269552323 0.0800676679829 0.0417184928034 0.284732619336 0.863283811464
0.113678776689 0.886321223311 0.280160536205 0.386001689471 0.723203664313 0.0266061405415 0.229096313438 0.0192089354868 0.765807800891
0.168276353521 0.831723646479 0.208405629268 0.63360324453 0.516763345782 0.533889682515 0.11913677331 0.0438920096551 0.789669896277
0.187137012839 0.812862987161 0.242822648555 0.667301952476 0.418936964579 0.0995568329504 0.051898202028 0.0308386254249 0.925683949725
0.107539119495 0.892460880505 0.172473211185 0.606456257784 0.608522252941 0.0564073969191 0.0997070230531 0.00693608853103 0.892277346448
0.108467096438 0.891532903562 0.22525019883 0.624241351568 0.502266504646 0.063129975385 0.227390708059 0.0104797489924 0.764531564425
0.0 1.0 0.0552190442726 0.754554510022 0.60236028839 0.0956306819928 1.0 0.00763190571048 0.0
0.0945980424697 0.90540195753 0.113175526757 0.42181089113 0.940506353773 0.0534037377823 0.195351123382 0.00932376393876 0.797886812013
0.114653205854 0.885346794146 0.306171224356 0.548327053291 0.472571212827 0.0405496745783 0.376414988907 0.00650865684403 0.62246236952
0.202986815125 0.797013184875 0.407903825146 0.402483843439 0.500317873175 0.058404227923 0.00369184373367 0.0530562079139 0.972784418379
0.121905006916 0.878094993084 0.248895669962 0.545223853523 0.566970478579 0.130499114748 0.211215274582 0.00683406410143 0.771303764328
0.127137914024 0.872862085976 0.284636502045 0.519120302469 0.544266995067 0.0340283480445 0.106184420569 0.00669234319186 0.889372871631
0.130139008709 0.869860991291 0.246943238492 0.44343939282 0.701468205328 0.0360366007789 0.0197115084575 0.00875317875256 0.973567091361
0.14896255169 0.85103744831 0.225100030901 0.486035492203 0.680944438953 0.0586429581122 0.0755334411986 0.0307126337168 0.908671642395
0.144709606399 0.855290393601 0.287359108713 0.491213117432 0.576001803378 0.0245564432284 0.0990541797372 0.00460349101167 0.89844941166
0.124061755542 0.875938244458 0.354905575218 0.481669532321 0.481721488717 0.051332683941 0.413761123365 0.013394076264 0.582022635386
0.127866736505 0.872133263495 0.248753613983 0.476830441057 0.655499066508 0.0236602799897 0.00347241408969 0.0169548381737 0.988994926614
0.1208096985 0.8791903015 0.211384928855 0.667751059838 0.467972323087 0.139033687808 0.319837065621 0.00890305695854 0.66248231253
0.0738149556387 0.926185044361 0.158265641293 0.581255038998 0.663482636376 0.0794168933498 0.0544886550812 0.00638642504976 0.933452473402
0.138539559785 0.861460440215 0.288621581002 0.551749503802 0.495849364232 0.0559980832548 0.182699486417 0.0202942503486 0.806688158816
0.152766894417 0.847233105583 0.25395398969 0.505726663705 0.60998318586 0.0592356033587 0.0180027488099 0.0401453596139 0.96240577478
0.104893728748 0.895106271252 0.375524308342 0.370324449269 0.592941209457 0.0265167812767 0.493356064751 0.0114175622263 0.508036662536
0.102315740895 0.897684259105 0.224451939134 0.476442439025 0.69435308528 0.0426001695747 0.146675853375 0.0116991511661 0.846730917196
0.202682605475 0.797317394525 0.284654908227 0.51511164609 0.549413619819 0.0288402497888 0.00276092927502 0.221350832074 0.928224938702
0.140131186808 0.859868813192 0.256479464861 0.440975743999 0.689598948155 0.0406480450955 0.0431392577788 0.0274661992103 0.944252246431
0.241377970422 0.758622029578 0.204733355424 0.729712309953 0.398470205773 0.164837627451 0.0912589648886 0.0793405188809 0.862629516784
0.135946586082 0.864053413918 0.236146835474 0.554295015252 0.575378774358 0.0287257074075 0.00564548373195 0.00684895039367 0.989087192674
0.0944985841723 0.905501415828 0.194851987635 0.582196548731 0.60452622262 0.131326717025 0.180362411546 0.00545342320732 0.801954943628
0.167971288053 0.832028711947 0.366798421216 0.500168855825 0.439067197059 0.055355885585 0.0297404360372 0.442022779156 0.832127766399
0.067957569095 0.932042430905 0.187511487919 0.561996795376 0.642191438271 0.168407568617 0.200818311145 0.0110092546061 0.774540521321
0.126609440068 0.873390559932 0.242392367124 0.589541871745 0.520013964432 0.0325643567485 0.314603233186 0.0512133272243 0.671240842193
0.225484957499 0.774515042501 0.281558896429 0.44619672063 0.643277497947 0.0274010245195 0.00509168586412 0.143926333727 0.94913620141
0.113821828869 0.886178171131 0.258588600751 0.543190904234 0.554297822865 0.040211555829 0.140027830785 0.00530772555401 0.855534546972
0.141444742366 0.858555257634 0.251642849698 0.477778375016 0.64971535554 0.0522301617827 0.095443785051 0.263190990344 0.821027668564
0.16540112265 0.83459887735 0.23191002676 0.543999760484 0.595357786424 0.121648699759 0.0196005524958 0.0489770566498 0.948732847335
0.090406819099 0.909593180901 0.176784353894 0.547535085696 0.677792934605 0.0494096905823 0.124073775045 0.00374687494524 0.870303892123
0.0761454958346 0.923854504165 0.152785349108 0.553979108145 0.707348284959 0.05139394808 0.0409852915835 0.0144423259271 0.948607076812
0.131050035081 0.868949964919 0.30320631722 0.563700651141 0.457401223196 0.0342764361233 0.426223371248 0.00859868502394 0.573770580041
0.169785376029 0.830214623971 0.291836092281 0.394337337126 0.694014869493 0.0226895030622 0.00392206398398 0.303211498211 0.903712347997
0.111740349234 0.888259650766 0.246242804297 0.537847299931 0.58068129559 0.0274463532136 0.221495158098 0.00518757148062 0.777324484996
0.162313563836 0.837686436164 0.319769489246 0.523507935241 0.483154909009 0.0833314868601 0.182804973107 0.0142499673458 0.804227909806
0.184791363548 0.815208636452 0.579392702199 0.305834675804 0.354459107057 0.0957240941232 0.00861979145236 0.062697802478 0.959404067731
0.135198810379 0.864801189621 0.246112269552 0.533441998865 0.58657509747 0.0238830671782 0.0026766723735 0.00896791979741 0.992115558671
0.150240314687 0.849759685313 0.218814623373 0.655476646205 0.472094524553 0.112855698608 0.265356359243 0.00827348738586 0.720267374498
0.189181244234 0.810818755766 0.230474299377 0.595396198387 0.531264472621 0.229667656253 0.0360821193803 0.0697446096548 0.909941065947
0.12353349952 0.87646650048 0.268896746703 0.467396887655 0.635888934264 0.0239961938271 0.0463572713528 0.00385420859661 0.950623930517
0.151470442567 0.848529557433 0.255799235614 0.493145191765 0.623315250538 0.0350553794625 0.0542743903531 0.0293182633186 0.933591935438
0.276560922823 0.723439077177 0.361102069195 0.552294358657 0.380756715117 0.0387200575325 0.00982641992959 0.0717768630365 0.964177727227
0.0915047162369 0.908495283763 0.204924162818 0.511327413829 0.680131110389 0.0488095245708 0.353810068808 0.0190059916608 0.639746555837
0.174388128658 0.825611871342 0.244119770991 0.45791752406 0.687231153415 0.150131599873 0.0460049590206 0.283542900218 0.848777971159
0.107326561018 0.892673438982 0.214566099126 0.409673698037 0.796161723216 0.04829595144 0.222944351121 0.0253122568825 0.766756971605
0.211100258828 0.788899741172 0.223298032341 0.599918029132 0.536751858139 1.0 0.119349924268 0.0435532154424 0.718775898851
0.180835268518 0.819164731482 0.226590649209 0.620620114965 0.504826463649 0.17356447401 0.0592009911657 0.0412606309665 0.904162955143
0.121676838858 0.878323161142 0.111750235417 0.596529527416 0.717172287241 0.143975611568 0.119921991428 0.00969509198858 0.858263268798
0.122983363315 0.877016636685 0.172938651675 0.58844044039 0.631048350703 0.124583643163 0.238665589172 0.0142455026936 0.742983706112
0.0193255735854 0.980674426415 0.0 0.767186325017 0.673198097266 0.171713045475 0.944871939974 0.0115116384048 0.0415539055931
0.118331172043 0.881668827957 0.0900476795785 0.404002280952 1.0 0.110053399978 0.193579933156 0.0132970357879 0.789847500542
0.126232745324 0.873767254676 0.228896372623 0.613214879321 0.510748635509 0.106645928849 0.379584418494 0.00964288035914 0.608374770121
0.194377317992 0.805622682008 0.362687164831 0.359919938661 0.626634388205 0.0867786440706 0.00439190925736 0.0654943440473 0.964093573267
0.128118490312 0.871881509688 0.205662691026 0.527763302137 0.657744786225 0.23616214953 0.216144973 0.00926845108013 0.749682675242
0.123377793189 0.876622206811 0.213945297518 0.518111806733 0.657134403146 0.0618180704008 0.109511957022 0.01074498334 0.88067431926
0.120148400286 0.879851599714 0.211114008811 0.392951000633 0.823200914783 0.0834320396541 0.0239254073224 0.0123577823897 0.96115177682
0.153372394087 0.846627605913 0.245327775142 0.421184121961 0.73275206019 0.118422547103 0.082053094921 0.0419983124426 0.889825742489
0.120785204071 0.879214795929 0.197113754334 0.533588966087 0.663715117151 0.043728748809 0.0996497650213 0.00729556926159 0.894152389822
0.103768196033 0.896231803967 0.312483689896 0.464262111502 0.571147125038 0.0886319342246 0.432957555608 0.0205178206427 0.555349176891
0.134502167865 0.865497832135 0.181880537445 0.522824019811 0.701655161597 0.0492453525013 0.00542927096294 0.0227231821678 0.981470891585
0.12362031368 0.87637968632 0.165761796591 0.657029181139 0.553818322324 0.267498072169 0.351347068672 0.0127285983819 0.610823835055
0.0968926684127 0.903107331587 0.100670585432 0.607666546803 0.72027898634 0.22181820467 0.0712679322607 0.00971016054648 0.8943252092
0.126759629565 0.873240370435 0.22330424701 0.53584156814 0.619472723586 0.103250958967 0.195992186347 0.0280640330073 0.784122065715
0.153711166656 0.846288833344 0.245548613921 0.482075059914 0.653785763619 0.16216350165 0.030103421046 0.0532394033257 0.930977241914
0.0862684664782 0.913731533522 0.296627490162 0.420347657256 0.652870499061 0.0457440042655 0.498142190177 0.0154134713602 0.499219660201
0.104955949088 0.895044050912 0.204053180405 0.462485938884 0.744566113788 0.0732992770832 0.15021698283 0.0180854603144 0.836687459862
0.181489322585 0.818510677415 0.272166199908 0.411405439375 0.703020979528 0.0483747294396 0.00375321145234 0.278281970996 0.907379300356
0.137897379187 0.862102620813 0.255328493491 0.394852812957 0.750965853937 0.071919606743 0.050997961288 0.0368790148828 0.928973731451
0.258742673839 0.741257326161 0.183387730076 0.644847075231 0.54172957296 0.300879769595 0.0955435299877 0.0793387395768 0.83775322569
0.151996761686 0.848003238314 0.192553471875 0.603576282937 0.58054986144 0.076440713206 0.00867418432223 0.00897102815302 0.978230031048
0.114296546449 0.885703453551 0.122022725929 0.593877958891 0.70438368094 0.331559730237 0.194322061477 0.00933693790965 0.756654225417
0.162520565154 0.837479434846 0.329449693535 0.459712194334 0.550245777154 0.0965451190414 0.0314958775647 0.470848609492 0.815586690886
0.0930679967853 0.906932003215 0.13618052495 0.586343867979 0.691767198817 0.370142241768 0.235058621822 0.0171225594719 0.708388489715
0.12351395018 0.87648604982 0.146761483438 0.61974525273 0.631942923639 0.0715455704401 0.308685522317 0.0564189335149 0.66960005575
0.197311307517 0.802688692483 0.264938954362 0.377505309302 0.758196345504 0.0491019761711 0.00730786748271 0.18887971356 0.930313038512
0.106249447413 0.893750552587 0.203065399112 0.512333648741 0.68176544894 0.0764866713077 0.149461383385 0.00877506917982 0.839711297549
0.133269529481 0.866730470519 0.229332114722 0.456462110185 0.712448248049 0.0979371223623 0.105061795265 0.37761953948 0.770646978914
0.160463278417 0.839536721583 0.199795992429 0.479566739842 0.729231398757 0.225051245057 0.0227326888156 0.0640521919896 0.925471352069
0.0918987916615 0.908101208339 0.129871476609 0.49000112667 0.826114630458 0.105828318516 0.129305700901 0.00582950049654 0.855968161136
0.0951654799083 0.904834520092 0.10142908128 0.542835191767 0.80278725879 0.169725288409 0.0551679537804 0.0193262411568 0.915227659483
0.119948469051 0.880051530949 0.215704298747 0.570075151066 0.587267201414 0.0581940403513 0.418306767432 0.0110227855431 0.577210614836
0.163627692675 0.836372307325 0.301394956834 0.312250041646 0.784913906711 0.0405932406879 0.00613095919565 0.338094136899 0.888462938869
0.105116157157 0.894883842843 0.167898104379 0.568366998649 0.664920682631 0.0591400570092 0.223372123395 0.00958829279998 0.769357446675
0.165941514838 0.834058485162 0.293052062503 0.534518034817 0.511105117456 0.190755857683 0.186032495981 0.0201588000713 0.782983170648
0.189426461674 0.810573538326 0.563105177431 0.269069253982 0.427632911819 0.179515790721 0.00918141451615 0.0669137049454 0.944874783746
0.149369204421 0.850630795579 0.198170197186 0.574316389163 0.609463668133 0.0517038506524 0.00442325479011 0.0140254931079 0.984669987722
0.153901269785 0.846098730215 0.158674846875 0.669544043252 0.548844749937 0.235302336799 0.265274902738 0.0115896672081 0.700767917772
0.185302278208 0.814697721792 0.22049553634 0.544074326341 0.613275935009 0.402756212525 0.0437128543148 0.0796310486353 0.873209597036
0.0981706222727 0.901829377727 0.146822936994 0.487794312516 0.802210997682 0.0375624310772 0.0435588741124 0.00638323594011 0.950567200629
0.147340588745 0.852659411255 0.227857892418 0.466262986495 0.702120725993 0.100048999897 0.0701662810405 0.037714968313 0.905587299836
0.210416858235 0.789583141765 0.337573189602 0.466290962442 0.528931216153 0.0572729674667 0.0109613921328 0.0993589152632 0.952054231594
