9
0.480633752178 0.519366247822 0.241059321686 0.645939225782 0.113001452533 0.00250471338478 0.25637287962 0.00195122679235 0.739171180203
0.492213456257 0.507786543743 0.237112590432 0.649812468844 0.113074940724 0.00884636310161 0.03010501844 0.0613306886327 0.899717929826
0.483148657189 0.516851342811 0.236808831215 0.626525573655 0.13666559513 0.00295580587811 0.163914785081 0.00413461985442 0.828994789186
0.49292434116 0.50707565884 0.217795688017 0.680199072989 0.102005238994 0.0588498829004 0.0853907615083 0.0094515647963 0.846307790795
0.49630133801 0.50369866199 0.226915283374 0.687504065795 0.0855806508316 0.0109937398597 0.0373745261715 0.00663975437172 0.944991979597
0.482049352936 0.517950647064 0.208274552256 0.674314320873 0.117411126872 0.00623940091226 0.0715156383003 0.00149094382368 0.920754016964
0.482215507001 0.517784492999 0.222259051247 0.678169661035 0.0995712877184 0.00698011549783 0.162696782561 0.00225427854599 0.828068823396
0.462794497543 0.537205502457 0.177205314468 0.706418123456 0.116376562077 0.0105611443468 0.714430540105 0.00164082878564 0.273367486763
0.479732255977 0.520267744023 0.192562241928 0.634288065942 0.17314969213 0.00590844841479 0.139816756876 0.0020052694946 0.852269525214
0.483323128514 0.516676871486 0.243700972249 0.661713439518 0.0945855882323 0.00449214778738 0.269117618157 0.00139887138851 0.724991362667
0.499139241579 0.500860758421 0.270657407555 0.630098470763 0.0992441216821 0.00645941795736 0.00294952575188 0.0114256113533 0.979165444937
0.484621561879 0.515378438121 0.228524472635 0.661040747496 0.110434779869 0.0144030566203 0.151145623669 0.00146896689037 0.832982352821
0.485558512731 0.514441487269 0.237994843198 0.655382184771 0.106622972032 0.00377360776507 0.0761412607305 0.00143843899631 0.918646692508
0.486095858066 0.513904141934 0.228007130188 0.638976555765 0.133016314047 0.00399488329192 0.0143894474625 0.00188236057333 0.979733308672
0.489466209244 0.510533790756 0.222219260737 0.648210268822 0.12957047044 0.00648572199145 0.0542528622905 0.00661261468196 0.932648801036
0.488704720337 0.511295279663 0.238716261602 0.649332641677 0.111951096721 0.00272996385878 0.0710494315131 0.000988482400221 0.925232122228
0.48500772724 0.51499227276 0.25661427994 0.647263843648 0.0961218764117 0.00568025326682 0.295787143503 0.00288204952539 0.695650553705
0.485689008234 0.514310991766 0.228486831576 0.646214856045 0.125298312379 0.00263122180834 0.00279282721971 0.0036490680457 0.990926882926
0.484425447151 0.515574552849 0.218585123222 0.687601420449 0.0938134563283 0.015343422401 0.228714337308 0.00191464561869 0.754027594672
0.476011048909 0.523988951091 0.204509923851 0.668851360031 0.126638716118 0.00877465873028 0.0392244138336 0.0013725416163 0.95062838582
0.487599974865 0.512400025135 0.239050783204 0.662455336697 0.098493880099 0.0061943014608 0.130782002473 0.00436840594304 0.858655290123
0.490147375962 0.509852624038 0.22986479292 0.652478796458 0.117656410621 0.00655102148634 0.0131691924242 0.0086445043852 0.971635281704
0.481575696312 0.518424303688 0.262077696202 0.623127160663 0.114795143134 0.00294595999663 0.352627278032 0.00245629152444 0.641970470447
0.481114108161 0.518885891839 0.222047533644 0.646130747418 0.131821718938 0.00471807769793 0.105056898432 0.00251694818653 0.887708075684
0.499084772909 0.500915227091 0.237999720347 0.654513213591 0.107487066062 0.0032019669774 0.00228474351643 0.0476777104465 0.94683557906
0.487884955329 0.512115044671 0.230533976717 0.638442501553 0.13102352173 0.00450298655664 0.0311196114647 0.00591330496833 0.95846409701
0.506013169384 0.493986830616 0.216822633052 0.701032988421 0.0821443785267 0.0181865806558 0.0654827327636 0.0170874763744 0.899243210206
0.487135703501 0.512864296499 0.225146370341 0.663007136572 0.111846493086 0.00318934634189 0.00434465411544 0.00147217352483 0.990993826018
0.479714447991 0.520285552009 0.21420433322 0.669055454557 0.116740212222 0.014494244411 0.129113056586 0.00117156505264 0.85522113395
0.492869719256 0.507130280744 0.259765568035 0.651274010012 0.088960421953 0.00612354212593 0.0215512793941 0.0952123321409 0.877112846339
0.474962285153 0.525037714847 0.212259295895 0.664676679763 0.123064024342 0.0185799278669 0.143720970919 0.00236833857656 0.835330762637
0.485463889587 0.514536110413 0.226801270231 0.67064772723 0.102551002539 0.00361230065477 0.22497676637 0.0110286391166 0.760382293859
0.50316752896 0.49683247104 0.237179359508 0.639574271851 0.123246368641 0.00304338866488 0.00394917740849 0.0309998123833 0.962007621543
0.48317427065 0.51682572935 0.23109284167 0.660600057605 0.108307100725 0.00445489281288 0.100309429663 0.00114018053402 0.89409549699
0.488120147159 0.511879852841 0.229252402249 0.646420343174 0.124327254577 0.0057791401643 0.0684711857591 0.0566904378062 0.86905923627
0.492409531713 0.507590468287 0.22402372864 0.660775396348 0.115200875013 0.0134278903944 0.0143102118769 0.0105469273396 0.961714970389
0.478981818366 0.521018181634 0.20941689049 0.661541761791 0.129041347719 0.00546837188292 0.088916360471 0.000803959984962 0.904811307661
0.476428331612 0.523571668388 0.20305779208 0.662938656227 0.134003551693 0.00568700354003 0.0295814266733 0.00310785145371 0.961623718333
0.486258977135 0.513741022865 0.242915350661 0.665046030841 0.0920386184982 0.00380094288051 0.304686651862 0.00184908130498 0.689663323952
0.493194531304 0.506805468696 0.239902543256 0.628332522641 0.131764934102 0.00252425858981 0.00311393004405 0.0653111969314 0.929050614435
0.482801582185 0.517198417815 0.227821533743 0.659441704856 0.1127367614 0.00304838312126 0.158486667608 0.00111429832063 0.83735065095
0.491856704995 0.508143295005 0.247304151023 0.656333308057 0.0963625409203 0.00920598080772 0.130857332357 0.00306641577277 0.856870271063
0.495881350027 0.504118649973 0.316097402051 0.609147475389 0.0747551225602 0.0105714367856 0.00646865908379 0.0135024931509 0.96945741098
0.487001814428 0.512998185572 0.227786945505 0.658486751549 0.113726302947 0.00265576919308 0.00222457419494 0.00192861762804 0.993191038984
0.489694992424 0.510305007576 0.220553794799 0.684940650682 0.0945055545186 0.0124590502037 0.189808715596 0.00177903095691 0.795953203244
0.496667357186 0.503332642814 0.223643299043 0.671916791138 0.104439909819 0.0253297546865 0.0260799859687 0.0150204355887 0.933569823756
0.484913143117 0.515086856883 0.233824226372 0.644169909994 0.122005863635 0.00266823383879 0.0334176510295 0.000827080569977 0.963087034562
0.489915246547 0.510084753453 0.230353734046 0.649751464533 0.119894801421 0.00388676927817 0.0390714036578 0.00631225539181 0.950729571672
0.512312669175 0.487687330825 0.25825618615 0.662573446887 0.0791703669629 0.00429055489579 0.00733033350403 0.0154582003203 0.97292091128
