3 hexa 75 75 gaussian
74 69 0.0827189 
74 11 0.616609 
74 51 0.135363 
64 0 0.211467 
62 8 0.129874 
25 4 0.0163523 
55 47 0.0806665 
34 74 0.208149 
71 67 0.151025 
74 71 0.0842669 
68 14 0.281434 
52 18 0.0765072 
50 18 0.0453083 
55 25 0.046635 
58 27 0.0514609 
68 43 0.0583651 
74 70 0.0380917 
21 14 0.0179826 
59 49 0.0627973 
22 0 0.0727283 
51 16 0.0187703 
63 27 0.0560037 
74 74 0.182607 
59 36 0.0772489 
74 1 0.155879 
62 27 0.0554588 
74 5 0.389279 
16 11 0.0549367 
41 1 0.0908818 
74 29 0.112677 
25 0 0.0625766 
74 57 0.137685 
67 26 0.236121 
43 9 0.0546006 
74 31 0.266505 
66 7 0.183246 
49 17 0.0798323 
22 0 0.0586101 
74 74 0.205976 
71 29 0.10876 
72 49 0.031234 
74 47 0.153404 
69 35 0.227389 
23 16 0.030396 
72 60 0.0256408 
69 6 0.154939 
66 35 0.0784193 
56 29 0.0809227 
74 0 0.309655 
74 66 0.0301945 
74 11 0.263999 
74 51 0.0675715 
65 0 0.255559 
59 5 0.119254 
25 4 0.0594653 
35 0 0.14393 
33 74 0.121669 
67 67 0.213549 
74 68 0.0219832 
66 12 0.149098 
47 0 0.0631767 
46 4 0.0294734 
49 12 0.0413265 
54 15 0.0520077 
63 42 0.0415441 
70 67 0.0336337 
22 16 0.020544 
54 49 0.0699773 
20 0 0.0547688 
49 5 0.0342509 
58 13 0.042075 
74 74 0.115032 
45 8 0.0641222 
73 0 0.120359 
57 17 0.0379682 
74 0 0.457294 
17 12 0.0348185 
42 0 0.0779296 
71 24 0.087458 
18 0 0.0714102 
74 57 0.0841481 
65 21 0.152289 
28 5 0.0688654 
74 35 0.120782 
66 0 0.0918377 
46 7 0.0640327 
20 0 0.0528633 
74 74 0.116289 
67 18 0.0400763 
68 48 0.0198678 
73 44 0.0589737 
64 29 0.0598559 
24 16 0.051559 
68 58 0.0169574 
68 0 0.111581 
63 32 0.0645983 
52 19 0.0274057 
74 0 0.262568 
74 62 0.0224048 
74 15 0.067598 
71 51 0.0386675 
6 0 0.232855 
54 8 0.0581294 
42 3 0.0610144 
35 0 0.105327 
32 74 0.242847 
62 66 0.164549 
71 65 0.0319657 
63 21 0.0748438 
44 0 0.0456526 
29 9 0.0403756 
43 11 0.0596725 
44 16 0.0358764 
61 40 0.0533451 
67 66 0.0661203 
25 18 0.0253999 
53 49 0.105825 
23 0 0.0463553 
53 8 0.0289991 
54 12 0.0313723 
71 74 0.0824604 
39 4 0.0173146 
64 14 0.0466227 
53 17 0.0165663 
74 3 0.139665 
20 13 0.0391577 
42 0 0.0633598 
72 27 0.0179521 
20 0 0.0449976 
74 55 0.0887131 
66 31 0.102267 
47 0 0.0496579 
72 37 0.0575161 
56 0 0.0597493 
48 17 0.0709858 
24 0 0.0607195 
74 74 0.0372152 
62 22 0.0627412 
65 47 0.0454342 
64 44 0.0781361 
65 33 0.099436 
26 20 0.0406612 
66 56 0.0444958 
60 1 0.0741815 
65 36 0.0464377 
49 13 0.0307735 
65 9 0.120494 
66 64 0.0635676 
74 17 0.106452 
64 52 0.0583941 
5 0 0.178152 
47 1 0.0636785 
22 5 0.0090331 
34 0 0.147951 
32 74 0.14904 
53 57 0.162052 
62 67 0.0858507 
59 17 0.0558971 
14 0 0.0530446 
25 10 0.0340007 
26 14 0.0274135 
30 11 0.0401879 
54 38 0.0482852 
61 67 0.141656 
26 22 0.0389037 
52 50 0.151893 
20 4 0.0984933 
50 0 0.0343839 
29 11 0.0647965 
66 74 0.148804 
17 6 0.079678 
60 8 0.0904737 
41 12 0.0648365 
70 0 0.171392 
17 23 0.047252 
17 0 0.0681196 
74 25 0.0741543 
14 0 0.0957571 
69 55 0.0547079 
59 23 0.0269269 
29 4 0.0406498 
57 39 0.16893 
8 0 0.10035 
40 4 0.0421722 
23 0 0.0757223 
68 73 0.0782711 
57 19 0.116942 
59 48 0.0379649 
56 45 0.0929899 
56 30 0.0800067 
25 20 0.0490973 
62 54 0.0369128 
8 0 0.145764 
61 37 0.0331241 
30 12 0.0644369 
62 9 0.0449848 
56 67 0.0985441 
74 17 0.254444 
54 55 0.0540295 
0 0 0.164124 
14 10 0.0205357 
0 6 0.0943914 
0 8 0.173501 
32 74 0.272536 
32 67 0.140939 
52 67 0.12513 
53 2 0.0505732 
0 6 0.062661 
8 12 0.0319899 
11 15 0.0562512 
9 15 0.0332438 
38 13 0.102299 
51 67 0.169652 
14 23 0.0353969 
29 66 0.199727 
0 14 0.110466 
11 0 0.0541147 
10 7 0.0592534 
61 74 0.185609 
3 13 0.0470281 
58 0 0.145571 
12 11 0.0226334 
64 0 0.25101 
6 22 0.0732846 
0 6 0.12417 
74 23 0.122013 
0 4 0.135631 
57 56 0.100337 
51 7 0.0793407 
2 9 0.0311112 
35 8 0.112856 
2 0 0.113492 
6 8 0.0731606 
0 10 0.104081 
61 71 0.121387 
32 13 0.146836 
52 50 0.0819369 
34 0 0.131789 
45 17 0.0611678 
14 21 0.0621065 
52 55 0.13654 
3 0 0.118048 
42 11 0.0744656 
12 8 0.0511566 
58 0 0.0738695 
57 63 0.0350325 
74 21 0.252381 
45 52 0.128558 
7 15 0.106554 
21 22 0.0325184 
4 17 0.0409395 
28 61 0.095678 
35 74 0.168714 
33 61 0.0611728 
54 63 0.0227164 
44 22 0.0697862 
5 15 0.0688546 
13 25 0.0636997 
17 30 0.0397067 
13 29 0.0488653 
47 41 0.0927121 
54 65 0.0178491 
21 30 0.032307 
30 62 0.150563 
4 23 0.0855253 
31 5 0.0879799 
21 23 0.0185157 
61 74 0.111883 
21 56 0.0905942 
34 18 0.131761 
15 26 0.0305217 
57 0 0.15359 
13 32 0.0758717 
1 12 0.050116 
74 23 0.134222 
0 14 0.0653249 
57 56 0.0125797 
40 20 0.112802 
10 21 0.0916796 
32 21 0.121351 
17 18 0.0325136 
7 17 0.0783248 
3 17 0.0488111 
62 70 0.0447545 
34 19 0.106315 
48 49 0.0465599 
50 47 0.113365 
48 25 0.0606208 
21 31 0.0403827 
51 54 0.0849288 
17 17 0.0868377 
50 39 0.0909816 
18 22 0.0140473 
54 5 0.0816858 
60 61 0.176924 
49 32 0.210072 
39 50 0.230803 
43 41 0.184252 
41 36 0.0583297 
29 44 0.0755447 
44 45 0.0534892 
47 74 0.108116 
37 51 0.125295 
60 60 0.126169 
43 31 0.112651 
35 47 0.0294392 
39 40 0.0325439 
33 36 0.102276 
34 38 0.0433039 
39 39 0.0519332 
61 61 0.177731 
32 35 0.0525155 
46 48 0.0635946 
24 39 0.0454059 
45 39 0.0666446 
38 34 0.0930633 
62 74 0.281591 
33 44 0.0987816 
41 31 0.118371 
33 36 0.0688838 
38 15 0.0962615 
29 35 0.0448631 
30 50 0.0578239 
74 33 0.21709 
25 51 0.0262626 
59 57 0.115135 
42 31 0.123467 
40 42 0.037066 
34 43 0.114442 
33 33 0.048484 
29 47 0.0233865 
22 33 0.0271964 
64 62 0.117336 
40 31 0.165119 
41 49 0.0730548 
46 42 0.0861932 
47 31 0.21535 
33 36 0.0853535 
46 51 0.10208 
38 28 0.0798541 
39 39 0.051489 
37 35 0.0456424 
45 28 0.0745107 
43 59 0.132249 
35 25 0.182074 
36 52 0.186062 
26 55 0.206024 
26 25 0.083789 
27 49 0.0715251 
43 49 0.0645292 
46 74 0.422766 
19 48 0.25385 
47 60 0.062343 
30 27 0.046379 
33 53 0.0247584 
30 47 0.0500487 
26 38 0.091713 
20 42 0.0436131 
28 46 0.0283671 
57 62 0.164287 
25 37 0.0490946 
45 54 0.0638403 
20 41 0.0782242 
42 46 0.0524704 
29 35 0.0258769 
54 73 0.24422 
21 47 0.0890377 
34 26 0.0878576 
24 39 0.0805798 
36 10 0.0701894 
25 34 0.0358608 
28 53 0.0317526 
48 33 0.253261 
23 53 0.0825601 
44 58 0.0469615 
33 29 0.0681829 
31 50 0.0480059 
19 46 0.155895 
17 37 0.0391184 
23 50 0.0433193 
15 37 0.034335 
50 63 0.0357075 
34 30 0.192664 
34 55 0.0385629 
41 48 0.0647881 
45 27 0.0953214 
26 34 0.0413499 
45 55 0.0878782 
24 26 0.0971297 
18 41 0.0441306 
30 40 0.0147709 
31 24 0.0191644 
38 63 0.122927 
0 36 0.0411156 
14 64 0.180384 
0 74 0.16864 
0 14 0.0779556 
10 59 0.124753 
23 67 0.0645518 
45 74 0.523175 
0 58 0.208981 
36 65 0.0178889 
17 29 0.0563897 
20 66 0.0477027 
18 57 0.0722701 
9 49 0.0691063 
9 53 0.032389 
17 55 0.0607498 
41 64 0.0179368 
10 49 0.0840496 
25 74 0.0392516 
8 58 0.117862 
24 62 0.0358007 
3 28 0.0722403 
44 66 0.146713 
12 62 0.0463315 
2 33 0.0817504 
10 48 0.0327464 
0 0 0.132704 
2 25 0.0774464 
12 72 0.0610683 
0 36 0.25709 
11 74 0.0603151 
24 70 0.102719 
7 37 0.0892902 
19 60 0.0602533 
0 39 0.0958274 
0 27 0.0610545 
9 61 0.0533034 
6 57 0.107814 
37 67 0.037071 
0 42 0.0828835 
18 65 0.0602307 
25 61 0.0335446 
41 23 0.101603 
3 26 0.0883986 
25 70 0.0509956 
0 26 0.168953 
12 49 0.0532265 
12 50 0.0585275 
14 11 0.0872582 
18 74 0.180671 
0 41 0.0949038 
11 65 0.182964 
0 74 0.600882 
0 22 0.13115 
5 66 0.0848896 
15 74 0.0330475 
44 74 0.526678 
0 60 0.25586 
36 67 0.109056 
12 39 0.0818572 
8 74 0.0680958 
12 58 0.0215694 
0 54 0.11189 
2 51 0.0718881 
10 58 0.0384832 
42 66 0.0913924 
7 53 0.100749 
23 74 0.181023 
0 66 0.109966 
16 67 0.0285316 
7 48 0.104898 
43 68 0.169766 
10 64 0.0761423 
0 43 0.0616355 
1 51 0.0711622 
0 72 0.207833 
0 24 0.0805181 
5 74 0.0974493 
0 38 0.209024 
5 74 0.148458 
19 74 0.106775 
0 46 0.102269 
11 64 0.00738043 
0 40 0.170422 
0 66 0.137059 
0 60 0.0573222 
0 63 0.0942074 
39 68 0.130613 
0 42 0.178298 
14 70 0.0664557 
23 63 0.121331 
38 25 0.143816 
0 25 0.092007 
22 74 0.134678 
0 72 0.124718 
2 56 0.0968877 
5 51 0.0409787 
8 31 0.0498243 
