9
0.510798096693 0.489201903307 0.32378172035 0.629283471729 0.0469348079217 8.42452618001e-005 0.0228515272633 9.65641444218e-005 0.976967663331
0.512165312291 0.487834687709 0.295116834219 0.649468426456 0.0554147393256 0.000116999077336 0.0223334947624 0.000103299818281 0.977446206342
0.508148744706 0.491851255294 0.28995680936 0.647274957629 0.0627682330108 0.000131040578217 0.0275765341815 4.26564382215e-005 0.972249768802
0.506425654075 0.493574345925 0.277175568887 0.650892982399 0.0719314487148 0.000141423367525 0.0345783221445 8.80036238966e-005 0.965192250864
0.503297454108 0.496702545892 0.239964105215 0.676006390112 0.084029504673 9.74387040536e-005 0.0355668773754 6.50563802513e-005 0.96427062754
0.497815071028 0.502184928972 0.267752166628 0.640482341626 0.0917654917463 0.000206917658973 0.0442732614595 0.000111338986032 0.955408481895
0.493027128376 0.506972871624 0.317762710032 0.586683576057 0.0955537139104 0.000524969407177 0.0577691610616 0.000203380056397 0.941502489475
0.487356818465 0.512643181535 0.294705534758 0.610215437295 0.0950790279473 0.00111018279943 0.0689095996209 0.000749310738219 0.929230906841
0.485558512731 0.514441487269 0.237994843198 0.655382184771 0.106622972032 0.00377360776507 0.0761412607305 0.00143843899631 0.918646692508
0.484885263933 0.515114736067 0.219263552867 0.655163569443 0.12557287769 0.00683556572997 0.0785175124915 0.00231141228926 0.912335509489
