9
0.522760022985 0.477239977015 0.34941053808 0.609447745734 0.041141716186 2.92418539335e-005 0.0353642820955 0.00144849183438 0.963157984216
0.523914086114 0.476085913886 0.318696422951 0.629171400917 0.0521321761313 7.27402186583e-005 0.0319524716594 0.0014453422309 0.966529445891
0.513899902614 0.486100097386 0.31238989652 0.628314426103 0.059295677377 8.478135172e-005 0.0327397319892 0.0012864157101 0.965889070949
0.511053434903 0.488946565097 0.288505435361 0.642638862297 0.0688557023422 0.000108453008215 0.0352706194953 0.00130462589294 0.963316301604
0.503234819225 0.496765180775 0.244007866618 0.668744183877 0.0872479495044 0.00012714960567 0.0361671223324 0.000646852797402 0.963058875265
0.500464231598 0.499535768402 0.261979353372 0.636084939949 0.101935706679 0.00022625491422 0.0384045406369 0.00124991403888 0.96011929041
0.496360754628 0.503639245372 0.308596624179 0.581117969201 0.110285406619 0.00104296262005 0.041996352616 0.00232795135229 0.954632733412
0.490333743142 0.509666256858 0.273739883503 0.607768348128 0.118491768369 0.0015950621338 0.0477300592694 0.00386919687395 0.946805681723
0.489466209244 0.510533790756 0.222219260737 0.648210268822 0.12957047044 0.00648572199145 0.0542528622905 0.00661261468196 0.932648801036
0.490255790543 0.509744209457 0.227579075337 0.634152198885 0.138268725778 0.0130724228696 0.058908660614 0.00904364624665 0.91897527027
