9
0.4874528846 0.5125471154 0.2745629365 0.674250970557 0.0511860929431 0.00107687251412 0.0113975245834 0.0002092433518 0.987316359551
0.49169443111 0.50830556889 0.270204321701 0.677754052134 0.0520416261644 0.000816001349803 0.0113043070137 0.000204371652226 0.987675319984
0.49061249791 0.50938750209 0.280348714442 0.666017877889 0.0536334076687 0.00072968334183 0.0118021283599 0.000144067682218 0.987324120616
0.487496511448 0.512503488552 0.265461551757 0.669969806192 0.064568642051 0.000796072302096 0.012322295625 0.000205665738112 0.986675966335
0.487054641706 0.512945358294 0.217856562887 0.696667910666 0.085475526447 0.000686863941404 0.0128317303805 0.000178144475865 0.986303261202
0.484033732764 0.515966267236 0.236450845259 0.663680355714 0.0998687990271 0.00085524466906 0.0156018717726 0.00025608298368 0.983286800575
0.482897413616 0.517102586384 0.287619804925 0.601357501042 0.111022694033 0.00184161060681 0.0217313160463 0.000411535267484 0.976015538079
0.477995559985 0.522004440015 0.275580269178 0.612595861962 0.11182386886 0.0036568344556 0.0309608814158 0.000788034970086 0.964594249159
0.476011048909 0.523988951091 0.204509923851 0.668851360031 0.126638716118 0.00877465873028 0.0392244138336 0.0013725416163 0.95062838582
0.480143108241 0.519856891759 0.18924876484 0.674576679673 0.136174555488 0.0244648777191 0.0512067880345 0.0020885026233 0.922239831623
