9
0.532427312187 0.467572687813 0.365022560625 0.596763448811 0.0382139905637 0.000123901303761 0.00283145882651 0.00524268097298 0.991801958897
0.53403995167 0.46596004833 0.319443572494 0.63899725215 0.0415591753553 0.00016572658582 0.00341281143591 0.00436140343439 0.992060058544
0.521772843902 0.478227156098 0.311999469904 0.641547478855 0.0464530512415 0.000259307744672 0.00369021312248 0.00367010525213 0.992380373881
0.513492642026 0.486507357974 0.289326703044 0.646888296264 0.0637850006926 0.000324498928022 0.00368376487401 0.00432028200205 0.991671454196
0.511243419403 0.488756580597 0.246804068331 0.677051534577 0.076144397092 0.00030870608459 0.00355549188841 0.00448662393009 0.991649178097
0.503341678729 0.496658321271 0.276246000396 0.633517106384 0.0902368932195 0.000593221845185 0.00470218016573 0.00420285437292 0.990501743616
0.495907862762 0.504092137238 0.328473834927 0.56772853283 0.103797632243 0.00106709514551 0.00652299264812 0.00454028181625 0.98786963039
0.489835533569 0.510164466431 0.302085613793 0.590444710354 0.107469675853 0.00170529520341 0.00917454608125 0.00608549104529 0.98303466767
0.490147375962 0.509852624038 0.22986479292 0.652478796458 0.117656410621 0.00655102148634 0.0131691924242 0.0086445043852 0.971635281704
0.490316447696 0.509683552304 0.227637591744 0.647351751355 0.125010656902 0.0178919371653 0.0218104933136 0.0114650732093 0.948832496312
