9
0.513640833498 0.486359166502 0.349249368758 0.614381173427 0.0363694578149 0.000147424971795 0.0518993840662 4.18455160115e-005 0.947911345446
0.512493566552 0.487506433448 0.311313582715 0.64295896511 0.0457274521751 0.000193724598318 0.0478092875459 9.50404377326e-005 0.951901947418
0.506254746178 0.493745253822 0.294544396743 0.650893688063 0.0545619151938 0.000175966604535 0.0523613748897 5.02342059691e-005 0.9474124243
0.502254525376 0.497745474624 0.267485491833 0.665088686911 0.0674258212563 0.000295643840923 0.0616746666843 0.000159256421299 0.937870433053
0.49707239533 0.50292760467 0.234008355828 0.67992191645 0.0860697277222 0.000201074652862 0.0645727071148 8.71940018982e-005 0.93513902423
0.49077959558 0.50922040442 0.249380413402 0.647604732956 0.103014853642 0.00026452390502 0.0751308584079 0.000138331334652 0.924466286352
0.488048672477 0.511951327523 0.292829342381 0.590635289074 0.116535368545 0.000728461808665 0.0905026965359 0.000398963666983 0.908369877988
0.482401693061 0.517598306939 0.275938570311 0.604173504935 0.119887924754 0.00154316262476 0.102814414299 0.00115731843858 0.894485104637
0.481114108161 0.518885891839 0.222047533644 0.646130747418 0.131821718938 0.00471807769793 0.105056898432 0.00251694818653 0.887708075684
0.48158683685 0.51841316315 0.21664240475 0.643105345575 0.140252249675 0.00810060075972 0.107585680677 0.00389261370907 0.880421104855
