9
0.505744375587 0.494255624413 0.30898641971 0.64052345531 0.0504901249803 9.57295711772e-005 0.0233072642629 1.01021155514e-005 0.97658690405
0.510739710614 0.489260289386 0.282299386366 0.662707963211 0.0549926504227 0.000135301789067 0.02337931007 2.66408173822e-005 0.976458747324
0.51324496987 0.48675503013 0.285513359263 0.658985294368 0.0555013463686 0.000201930967043 0.0323275330703 2.62180361337e-005 0.967444317927
0.50568590685 0.49431409315 0.274734891646 0.662822815048 0.0624422933058 0.000268554441401 0.0465349932455 6.54460403415e-005 0.953131006273
0.501051883053 0.498948116947 0.228568136137 0.693296467723 0.0781353961398 0.000185592358112 0.0491430323533 4.89315265536e-005 0.950622443762
0.494364967677 0.505635032323 0.258423353707 0.652359548271 0.0892170980216 0.000443998767677 0.0645701064993 0.0001442240895 0.934841670644
0.490833828454 0.509166171546 0.3171656795 0.590408263746 0.0924260567541 0.000678565871383 0.0810051018673 0.000196820169224 0.918119512092
0.484731952643 0.515268047357 0.291746530258 0.614591020649 0.093662449093 0.00134887716081 0.0912232934072 0.00062546540962 0.906802364022
0.48317427065 0.51682572935 0.23109284167 0.660600057605 0.108307100725 0.00445489281288 0.100309429663 0.00114018053402 0.89409549699
0.481818437437 0.518181562563 0.216380668961 0.653911016893 0.129708314146 0.00845179776011 0.107046093948 0.00188707595828 0.882615032333
