9
0.508486595373 0.491513404627 0.324470983923 0.63390580347 0.0416232126074 0.000312117439939 0.0248876765975 0.000260071420468 0.974540134542
0.51430514183 0.48569485817 0.309488678422 0.647931717532 0.0425796040459 0.00025779143968 0.0252989160888 0.000196083266113 0.974247209205
0.507914147415 0.492085852585 0.321660843162 0.633081446959 0.0452577098786 0.000273623319771 0.032633881333 3.86467136475e-005 0.967053848634
0.503098423378 0.496901576622 0.299706137659 0.647492758363 0.0528011039783 0.000369937755351 0.0447763812965 5.43018372295e-005 0.954799379111
0.500112826231 0.499887173769 0.241973984311 0.689596148757 0.0684298669317 0.000260399305871 0.0474912577347 4.45446446428e-005 0.952203798315
0.492513344431 0.507486655569 0.250452466619 0.66507201554 0.0844755178409 0.000313144216583 0.0608268588758 0.00010870019809 0.93875129671
0.486763216244 0.513236783756 0.291101992815 0.609199402157 0.0996986050279 0.000682978684862 0.0753538715896 0.000187512067444 0.923775637658
0.480367789848 0.519632210152 0.269418392155 0.622718642309 0.107862965536 0.00144979308139 0.0863145697751 0.000469819908595 0.911765817235
0.478981818366 0.521018181634 0.20941689049 0.661541761791 0.129041347719 0.00546837188292 0.088916360471 0.000803959984962 0.904811307661
0.479248955721 0.520751044279 0.196986224885 0.649069913984 0.153943861131 0.0116847516278 0.0926525698878 0.00125257531202 0.894410103172
