9
0.496073314054 0.503926685946 0.427547156843 0.542850568392 0.0296022747648 4.99882117351e-005 0.583683996908 9.02772182082e-005 0.416175737662
0.496134353966 0.503865646034 0.41614866602 0.554709790757 0.0291415432222 4.28929655536e-005 0.551565923189 0.000218424178435 0.448172759667
0.49788029392 0.50211970608 0.408614421881 0.559659840655 0.0317257374637 9.68092157622e-005 0.513575265305 0.000180552157004 0.486147373322
0.490668951813 0.509331048187 0.384676323933 0.582436270728 0.0328874053388 4.37091843924e-005 0.456462489181 0.00055154089253 0.542942260743
0.492281835389 0.507718164611 0.337237420281 0.619961322326 0.0428012573929 5.1584268693e-005 0.4285515769 0.000649540689461 0.570747298142
0.491510027978 0.508489972022 0.347632316451 0.598043860565 0.0543238229838 6.37944665152e-005 0.388473804811 0.000261793588514 0.611200607134
0.493503299345 0.506496700655 0.356807748194 0.579984252458 0.0632079993486 0.000397085743237 0.348096863736 0.000460888103672 0.651045162417
0.491055449957 0.508944550043 0.304074169007 0.622210787349 0.0737150436438 0.000992550654276 0.304851366602 0.000865825619398 0.693290257124
0.486258977135 0.513741022865 0.242915350661 0.665046030841 0.0920386184982 0.00380094288051 0.304686651862 0.00184908130498 0.689663323952
0.48427124421 0.51572875579 0.219729641441 0.666427854624 0.113842503936 0.00643625883756 0.299033267136 0.00237125325594 0.69215922077
