9
0.505402312958 0.494597687042 0.389220923231 0.57777055748 0.0330085192891 3.90969882452e-005 0.23767158134 5.34490472212e-005 0.762235872625
0.505078980167 0.494921019833 0.369958357002 0.591775748581 0.0382658944167 2.42586355021e-005 0.216537157593 9.88653824237e-005 0.783339718389
0.502149164737 0.497850835263 0.361154602135 0.595523200232 0.0433221976332 3.33634887944e-005 0.19323362783 2.39532740062e-005 0.806709055407
0.498578666002 0.501421333998 0.332433194753 0.622006857433 0.0455599478134 4.01290857142e-005 0.182547593096 6.15312647618e-005 0.817350746554
0.495853168949 0.504146831051 0.293569848287 0.647518160284 0.0589119914289 2.91511094055e-005 0.174473162288 3.90967820262e-005 0.82545858982
0.493088107791 0.506911892209 0.300582856733 0.628061091503 0.0713560517639 0.000101472474984 0.161202394143 0.00010299152401 0.838593141858
0.487986142202 0.512013857798 0.31622984456 0.597183866172 0.0865862892684 0.000348519981719 0.164551900878 0.000178886362298 0.834920692778
0.483645611895 0.516354388105 0.279528158082 0.62262382295 0.0978480189679 0.000922194199919 0.158441175563 0.000580451880259 0.840056178357
0.482801582185 0.517198417815 0.227821533743 0.659441704856 0.1127367614 0.00304838312126 0.158486667608 0.00111429832063 0.83735065095
0.481615522069 0.518384477931 0.207062270552 0.666057572145 0.126880157304 0.00654049389264 0.159827041231 0.00206225127009 0.831570213606
