9
0.499355511643 0.500644488357 0.384003424317 0.576626658654 0.0393699170295 0.000136448162642 0.356341118249 0.000190919563538 0.643331514024
0.502203130366 0.497796869634 0.370538678427 0.588185065826 0.0412762557466 8.14896304445e-005 0.325520029957 0.000261445897676 0.674137034515
0.506018784966 0.493981215034 0.358308157886 0.598326040512 0.0433658016026 0.000189244093267 0.298813824952 0.000356835544285 0.70064009541
0.50211429192 0.49788570808 0.338187367366 0.613611868134 0.0482007645 0.000192414809995 0.268457886138 0.000321654800399 0.731028044252
0.503778326243 0.496221673757 0.28636930763 0.655767684565 0.0578630078054 0.000202780444795 0.247014590109 7.39420406435e-005 0.752708687406
0.504783829715 0.495216170285 0.290928923548 0.644429713018 0.0646413634337 0.000228479795514 0.221309207314 0.000318304306151 0.778144008585
0.498965829911 0.501034170089 0.31980900183 0.607346603145 0.072844395025 0.00119150258184 0.205835664434 0.000543426045263 0.792429406939
0.494164561684 0.505835438316 0.284679941504 0.636580363447 0.0787396950496 0.00297336916055 0.185578222382 0.00104555905631 0.810402849402
0.489694992424 0.510305007576 0.220553794799 0.684940650682 0.0945055545186 0.0124590502037 0.189808715596 0.00177903095691 0.795953203244
0.490350485619 0.509649514381 0.204618352454 0.687990092055 0.107391555491 0.0259506012986 0.189750546086 0.00249336440712 0.781805488208
