9
0.520694618273 0.479305381727 0.385212557316 0.581032928348 0.0337545143365 5.84063412599e-005 0.045368168544 1.25156445557e-005 0.95456090947
0.527421160427 0.472578839573 0.367727356614 0.597665634548 0.0346070088379 7.61596535637e-005 0.0525526177219 2.94811562182e-005 0.947341741468
0.52134964723 0.47865035277 0.372679450892 0.588892577597 0.038427971511 7.78847592507e-005 0.058990873136 4.78239749785e-006 0.940926459707
0.514612784488 0.485387215512 0.35911371431 0.59862757395 0.0422587117408 5.95649445844e-005 0.0664426716323 1.04094077914e-005 0.933487354015
0.509250915102 0.490749084898 0.312495333795 0.634415612411 0.0530890537936 4.8896567461e-005 0.0619114667183 1.31442385648e-005 0.938026492476
0.501750640223 0.498249359777 0.317357016921 0.613571724892 0.0690712581873 7.23028301821e-005 0.0572773047898 7.97824333044e-005 0.942570609947
0.491842975327 0.508157024673 0.321689553064 0.585580898087 0.0927295488494 0.000225255374545 0.0480498206827 9.73060209848e-005 0.951627617922
0.484262746404 0.515737253596 0.271613318603 0.616891511876 0.111495169521 0.000839340093951 0.0386348876328 0.000430857423484 0.96009491485
0.484913143117 0.515086856883 0.233824226372 0.644169909994 0.122005863635 0.00266823383879 0.0334176510295 0.000827080569977 0.963087034562
0.480371925595 0.519628074405 0.201477911342 0.648591534767 0.149930553891 0.00416300401566 0.0314192668001 0.00137185465485 0.963045874529
