9
0.499581802711 0.500418197289 0.391037264647 0.57336300191 0.0355997334433 3.6198339646e-005 0.383554199987 0.000172474441843 0.616237127232
0.549440091931 0.450559908069 0.33431891384 0.635732446411 0.0299486397488 0.00514421149024 0.0239554467594 0.0987215781567 0.872178763594
0.510915395696 0.489084604304 0.383183282682 0.581346114297 0.0354706030208 6.90558861868e-005 0.269500583265 6.04952391388e-005 0.730369865609
0.529228060315 0.470771939685 0.238564985156 0.702823632413 0.0586113824317 0.0309399768476 0.0113115180336 0.00506586056452 0.952682644554
0.524388881144 0.475611118856 0.301894364119 0.654045441133 0.0440601947477 0.00300650575919 0.0120451795336 0.00147185750972 0.983476457197
0.50363565645 0.49636434355 0.300768261435 0.649553587613 0.0496781509522 0.000502668707279 0.0152437544862 0.000115164732648 0.984138412074
0.510105245221 0.489894754779 0.289215002632 0.654990754945 0.0557942424229 0.000228696474935 0.13602956014 8.96848921315e-006 0.863732774895
0.465165653117 0.534834346883 0.206783846934 0.745853627187 0.047362525879 0.00161802313225 0.251310073108 8.45577060637e-005 0.746987346054
0.511445888876 0.488554111124 0.33444644978 0.623447720286 0.0421058299344 0.000322157630076 0.340213945708 0.000534864270447 0.658929032391
0.498931913177 0.501068086823 0.384015027177 0.580687768503 0.0352972043201 7.87338492012e-005 0.41658666663 4.31654875007e-005 0.583291434033
0.541647177597 0.458352822403 0.353192268386 0.61242054379 0.0343871878237 0.00504786206833 0.00213029041416 0.00717352141637 0.985648326101
0.509589871216 0.490410128784 0.292705805549 0.66133517058 0.0459590238708 0.000536445612217 0.0281058026793 2.99138973182e-005 0.971327837811
0.508148744706 0.491851255294 0.28995680936 0.647274957629 0.0627682330108 0.000131040578217 0.0275765341815 4.26564382215e-005 0.972249768802
0.511389875546 0.488610124454 0.299371736211 0.640479566639 0.0601486971504 0.000127286741672 0.00790550498519 0.000220047994589 0.991747160279
0.513899902614 0.486100097386 0.31238989652 0.628314426103 0.059295677377 8.478135172e-005 0.0327397319892 0.0012864157101 0.965889070949
0.507936258343 0.492063741657 0.352188169852 0.600695652318 0.0471161778299 3.10349536338e-005 0.0976309985393 2.35865647617e-005 0.902314379942
0.502268823787 0.497731176213 0.363212468732 0.603656592635 0.0331309386328 0.00031970927029 0.389354181714 0.000592713186312 0.60973339583
0.506178272792 0.493821727208 0.282579365131 0.636467093111 0.0809535417582 0.000221350131638 0.00170569807321 0.00109242800261 0.996980523793
0.503190056158 0.496809943842 0.297326280754 0.652632632909 0.0500410863365 0.000284894192504 0.168645635083 2.20741262957e-005 0.831047396598
0.49061249791 0.50938750209 0.280348714442 0.666017877889 0.0536334076687 0.00072968334183 0.0118021283599 0.000144067682218 0.987324120616
0.525686863962 0.474313136038 0.299960433107 0.647928059203 0.0521115076896 0.000296858695261 0.0163782039749 0.00153036245656 0.981794574873
0.521772843902 0.478227156098 0.311999469904 0.641547478855 0.0464530512415 0.000259307744672 0.00369021312248 0.00367010525213 0.992380373881
0.501013616528 0.498986383472 0.384911956199 0.57776573014 0.0373223136612 0.000204957171211 0.522268847962 0.00061710537926 0.476909089488
0.506254746178 0.493745253822 0.294544396743 0.650893688063 0.0545619151938 0.000175966604535 0.0523613748897 5.02342059691e-005 0.9474124243
0.546451103957 0.453548896043 0.326853179072 0.642416519183 0.0307303017449 0.00367105188845 0.00302064716181 0.0199603198461 0.973347981104
0.518990690944 0.481009309056 0.321471357045 0.628799390335 0.0497292526197 0.000789125343651 0.0102146606067 0.00222775561336 0.986768458436
0.597361995685 0.402638004315 0.249208737612 0.705741192342 0.0450500700462 0.018796749648 0.00446987998501 0.0633921996719 0.913341170695
0.501287569146 0.498712430854 0.271187973529 0.649203804735 0.0796082217364 0.000232462089496 0.00140154327744 6.3193577727e-005 0.998302801055
0.503842010203 0.496157989797 0.302184446392 0.655485502827 0.0423300507811 0.000500966443804 0.0371152444628 3.16866820875e-005 0.962352102411
0.528530595255 0.471469404745 0.371441670487 0.5945372956 0.0340210339127 0.00119883446649 0.0159095323991 0.0541473567365 0.928744276398
0.499493174295 0.500506825705 0.278105286457 0.674359328821 0.0475353847228 0.000887221819995 0.0191120521487 0.000529887310118 0.979470838721
0.499804815947 0.500195184053 0.40428081696 0.557096600277 0.038622582763 4.41557517947e-005 0.298308053189 0.00462033282496 0.697027458235
0.528192594516 0.471807405484 0.389449797082 0.580617429288 0.0299327736299 0.000304542475173 0.000721935715257 0.00966806416107 0.989305457648
0.51324496987 0.48675503013 0.285513359263 0.658985294368 0.0555013463686 0.000201930967043 0.0323275330703 2.62180361337e-005 0.967444317927
0.52164515504 0.47835484496 0.376181850685 0.591832008067 0.0319861412483 0.000169601579267 0.0736623045206 0.0282687376466 0.897899356254
0.53145244572 0.46854755428 0.272723903723 0.672859360923 0.0544167353537 0.00958527628037 0.0027368267872 0.00585915809387 0.981818738839
0.507914147415 0.492085852585 0.321660843162 0.633081446959 0.0452577098786 0.000273623319771 0.032633881333 3.86467136475e-005 0.967053848634
0.492265845132 0.507734154868 0.288766503781 0.66125865745 0.0499748387695 0.00044838078283 0.0166049798394 0.000181999579746 0.982764639798
0.49788029392 0.50211970608 0.408614421881 0.559659840655 0.0317257374637 9.68092157622e-005 0.513575265305 0.000180552157004 0.486147373322
0.529607397411 0.470392602589 0.347759407967 0.612032750748 0.0402078412848 0.000289059566693 0.00130705195374 0.025738869243 0.972665019237
0.502149164737 0.497850835263 0.361154602135 0.595523200232 0.0433221976332 3.33634887944e-005 0.19323362783 2.39532740062e-005 0.806709055407
0.516642548895 0.483357451105 0.354998067804 0.609958910216 0.0350430219797 0.000270199098135 0.159051626899 0.000452261823784 0.840225912179
0.516361961388 0.483638038612 0.377542405916 0.58707830755 0.0353792865337 0.00742774746549 0.00321765213754 0.00603254145564 0.983322058941
0.507490891757 0.492509108243 0.28558565212 0.630068853465 0.0843454944156 4.25618849808e-005 0.00162302654727 6.80990159692e-005 0.998266312552
0.506018784966 0.493981215034 0.358308157886 0.598326040512 0.0433658016026 0.000189244093267 0.298813824952 0.000356835544285 0.70064009541
0.541566878295 0.458433121705 0.275362951368 0.680096816621 0.0445402320107 0.0154059239832 0.00507363515676 0.00667909460343 0.972841346257
0.52134964723 0.47865035277 0.372679450892 0.588892577597 0.038427971511 7.78847592507e-005 0.058990873136 4.78239749785e-006 0.940926459707
0.5154572433 0.4845427567 0.312719932816 0.633877755008 0.0534023121757 0.000120437663631 0.00197601352853 0.00365150279229 0.994252046016
0.567684488843 0.432315511157 0.314514253825 0.659706397557 0.025779348618 0.00791144124032 0.00707297250028 0.00690836514028 0.978107221119
