9
0.487246918947 0.512753081053 0.339345035111 0.580713800302 0.0799411645861 0.000280153125881 0.300137688372 0.000390683484835 0.699191475017
0.502954703758 0.497045296242 0.347726586805 0.582984746126 0.0692886670696 0.00413309804892 0.0333436532746 0.0640607150567 0.89846253362
0.492079033876 0.507920966124 0.318909438204 0.572276226689 0.108814335107 0.000557650165223 0.217677846171 0.00032473603999 0.781439767623
0.498606940522 0.501393059478 0.303087941087 0.609351701486 0.0875603574274 0.0202832724099 0.0563095001994 0.00248552525881 0.920921702132
0.496290366813 0.503709633187 0.324444239193 0.58538199843 0.0901737623771 0.00466302180925 0.0228114456508 0.002445876149 0.970079656391
0.490774816052 0.509225183948 0.294755434804 0.609547284393 0.0956972808033 0.000885405487304 0.0423956926049 0.000364184164341 0.956354717743
0.495496222204 0.504503777796 0.321690731629 0.598215966228 0.080093302143 0.000919237167673 0.136065037151 0.00133849899781 0.861677226684
0.46883721052 0.53116278948 0.253511982365 0.655981496317 0.090506521318 0.00615261906105 0.540140919902 0.000770061276937 0.45293639976
0.492124300221 0.507875699779 0.296232702421 0.59205927021 0.111708027369 0.000747231969165 0.177805655045 0.000505830995077 0.820941281991
0.488424129546 0.511575870454 0.335711401846 0.590575068043 0.0737135301117 0.00050829762906 0.284736968659 0.000189977507069 0.714564756205
0.50723256159 0.49276743841 0.346900662629 0.565781013233 0.0873183241381 0.00413571379301 0.00225229953484 0.00784406049719 0.985767926175
0.491299313035 0.508700686965 0.297725519231 0.605567039025 0.0967074417443 0.00245188761011 0.10295288323 0.000466799389588 0.89412842977
0.493027128376 0.506972871624 0.317762710032 0.586683576057 0.0955537139104 0.000524969407177 0.0577691610616 0.000203380056397 0.941502489475
0.492848146734 0.507151853266 0.311093559216 0.570073946424 0.11883249436 0.00043127212582 0.00919636120945 0.000619522952818 0.989752843712
0.496360754628 0.503639245372 0.308596624179 0.581117969201 0.110285406619 0.00104296262005 0.041996352616 0.00232795135229 0.954632733412
0.496501167155 0.503498832845 0.322484098907 0.581298656159 0.0962172449341 0.000427294014164 0.0710891487401 0.000128714914898 0.928354842331
0.488868051858 0.511131948142 0.352466762583 0.57335780968 0.0741754277374 0.000615382158769 0.319116490553 0.00110148493189 0.679166642356
0.494244608028 0.505755391972 0.310521890298 0.579555642678 0.109922467024 0.00061604503217 0.00342384826924 0.00193894240443 0.994021164294
0.494470745051 0.505529254949 0.32011369086 0.60682545073 0.0730608584092 0.00183896653952 0.167252393641 0.000496198339962 0.83041244148
0.482897413616 0.517102586384 0.287619804925 0.601357501042 0.111022694033 0.00184161060681 0.0217313160463 0.000411535267484 0.976015538079
0.496327714742 0.503672285258 0.331296398888 0.587127712799 0.0815758883136 0.000969091616303 0.0917537578992 0.00124042192502 0.906036728559
0.495907862762 0.504092137238 0.328473834927 0.56772853283 0.103797632243 0.00106709514551 0.00652299264812 0.00454028181625 0.98786963039
0.490295623653 0.509704376347 0.358227497669 0.554528839042 0.087243663289 0.000680016291005 0.420472760549 0.0014321207371 0.577415102423
0.488048672477 0.511951327523 0.292829342381 0.590635289074 0.116535368545 0.000728461808665 0.0905026965359 0.000398963666983 0.908369877988
0.50942473476 0.49057526524 0.336696963544 0.566351051548 0.0969519849074 0.00160422733176 0.00217504759307 0.0314040102718 0.964816714803
0.496004478046 0.503995521954 0.30880446104 0.574882557588 0.116312981372 0.000934162786725 0.0207401149205 0.00393014617025 0.974395576123
0.517113131752 0.482886868248 0.305817483297 0.630479742567 0.0637027741361 0.00491912564471 0.04731062068 0.023441282762 0.924328970913
0.491179247381 0.508820752619 0.300712942871 0.587732176016 0.111554881113 0.000659226200286 0.00313626864786 0.000222488842597 0.995982016309
0.489879313283 0.510120686717 0.288256443037 0.619369379022 0.0923741779415 0.00144747462838 0.0849018568339 0.000280161698977 0.913370506839
0.504477809685 0.495522190315 0.379264223894 0.566825408008 0.0539103680984 0.00156117677381 0.0179503768811 0.0591805925949 0.92130785375
0.484035982187 0.515964017813 0.275711308769 0.623730984732 0.100557706498 0.00308106881215 0.0845127313939 0.000983201861162 0.911422997933
0.493194151648 0.506805848352 0.33385760581 0.597626946405 0.0685154477844 0.000441669061236 0.244986057351 0.0083699799383 0.74620229365
0.511044421184 0.488955578816 0.344195393757 0.5631627048 0.092641901443 0.000433321472344 0.00122879848179 0.0185600759103 0.979777804136
0.490833828454 0.509166171546 0.3171656795 0.590408263746 0.0924260567541 0.000678565871383 0.0810051018673 0.000196820169224 0.918119512092
0.493003001352 0.506996998648 0.299670916435 0.593455952968 0.106873130597 0.000607626616452 0.0657835310841 0.02779827312 0.905810569179
0.497516519316 0.502483480684 0.308301581908 0.587862634825 0.103835783267 0.00516036747248 0.0102601911599 0.00454134970769 0.98003809166
0.486763216244 0.513236783756 0.291101992815 0.609199402157 0.0996986050279 0.000682978684862 0.0753538715896 0.000187512067444 0.923775637658
0.490809644812 0.509190355188 0.28368982464 0.61213187386 0.1041783015 0.00138506412032 0.0213369709695 0.00108477290768 0.976193192002
0.493503299345 0.506496700655 0.356807748194 0.579984252458 0.0632079993486 0.000397085743237 0.348096863736 0.000460888103672 0.651045162417
0.505898482618 0.494101517382 0.335749154316 0.559164102428 0.105086743256 0.000493869259872 0.00163741177231 0.0379132847891 0.959955434179
0.487986142202 0.512013857798 0.31622984456 0.597183866172 0.0865862892684 0.000348519981719 0.164551900878 0.000178886362298 0.834920692778
0.495317430849 0.504682569151 0.331142062514 0.591048320314 0.0778096171719 0.00102823748109 0.123948661631 0.000600362054863 0.874422738833
0.499562667649 0.500437332351 0.37534456063 0.557335450194 0.0673199891762 0.00584961534314 0.00465992019269 0.00782008304274 0.981670381421
0.491798779628 0.508201220372 0.314457488311 0.573351868904 0.112190642786 0.000441206648882 0.00133131541145 0.000146213831315 0.998081264108
0.498965829911 0.501034170089 0.31980900183 0.607346603145 0.072844395025 0.00119150258184 0.205835664434 0.000543426045263 0.792429406939
0.502954562819 0.497045437181 0.31269789087 0.589501874027 0.0978002351033 0.0102615389257 0.0170966015164 0.00739316290285 0.965248696655
0.491842975327 0.508157024673 0.321689553064 0.585580898087 0.0927295488494 0.000225255374545 0.0480498206827 9.73060209848e-005 0.951627617922
0.497121168527 0.502878831473 0.321147423045 0.576939943727 0.101912633228 0.000717868911467 0.0188696247793 0.00361896044684 0.976793545862
0.512064253816 0.487935746184 0.3374294838 0.584077123969 0.0784933922306 0.00243991149638 0.00661655502682 0.0121844027521 0.978759130725
