9
0.479178396604 0.520821603396 0.21687319194 0.653692891652 0.129433916409 0.00540224372677 0.252975050839 0.00409090402138 0.737531801413
0.494018653137 0.505981346863 0.227258986344 0.642115033499 0.130625980157 0.0165662248387 0.0331660586543 0.0610744129757 0.889193303531
0.482011294388 0.517988705612 0.219428048793 0.631657041976 0.14891490923 0.00534565664331 0.159521561597 0.00544932739864 0.829683454361
0.500591951867 0.499408048133 0.221741779013 0.672897005012 0.105361215975 0.110207366104 0.0855429763218 0.00937858562994 0.794871071945
0.495173012093 0.504826987907 0.22261423497 0.677384672264 0.100001092765 0.0191481317281 0.0425895751406 0.00888474335771 0.929377549774
0.484580708439 0.515419291561 0.192184577605 0.672162467038 0.135652955357 0.0158879389177 0.0859514994481 0.00208525672726 0.896075304907
0.484814641352 0.515185358648 0.208397881615 0.670408965906 0.121193152478 0.0137512715789 0.17074837162 0.00306545404856 0.812434902753
0.466254737189 0.533745262811 0.162573735377 0.70915636843 0.128269896194 0.0189441355788 0.675062631873 0.00247655633659 0.303516676211
0.483981667541 0.516018332459 0.18643397713 0.630427628045 0.183138394825 0.0121502842326 0.138551919074 0.00286114617823 0.846436650515
0.485396442477 0.514603557523 0.223225190392 0.67577941211 0.100995397498 0.0117748384749 0.27138096305 0.00207400989645 0.714770188578
0.497597713035 0.502402286965 0.258676194364 0.620871736649 0.120452068986 0.0095857993011 0.00344945474049 0.0141048920843 0.972859853874
0.485734084697 0.514265915303 0.217068882286 0.657255759583 0.125675358131 0.0260453381372 0.154666007206 0.00199335463254 0.817295300025
0.484885263933 0.515114736067 0.219263552867 0.655163569443 0.12557287769 0.00683556572997 0.0785175124915 0.00231141228926 0.912335509489
0.484307041853 0.515692958147 0.218513336611 0.628032001383 0.153454662007 0.00921706002703 0.0173986660661 0.00265882297608 0.970725450931
0.490255790543 0.509744209457 0.227579075337 0.634152198885 0.138268725778 0.0130724228696 0.058908660614 0.00904364624665 0.91897527027
0.484421061429 0.515578938571 0.214803641281 0.658518610174 0.126677748544 0.00484242806499 0.0714747493421 0.00156837904261 0.92211444355
0.48137416993 0.51862583007 0.245373607841 0.643490373043 0.111136019117 0.00979000056931 0.309495650252 0.00441656489344 0.676297784286
0.486877080741 0.513122919259 0.210767243682 0.656185053195 0.133047703123 0.00545026460248 0.00419025280974 0.00489161859728 0.98546786399
0.484928687173 0.515071312827 0.206496205768 0.685277199387 0.108226594845 0.0294980274689 0.251216179526 0.00273869990715 0.716547093098
0.480143108241 0.519856891759 0.18924876484 0.674576679673 0.136174555488 0.0244648777191 0.0512067880345 0.0020885026233 0.922239831623
0.485490780983 0.514509219017 0.221743425735 0.659006915002 0.119249659263 0.0114007701436 0.140274551109 0.00604208347302 0.842282595275
0.490316447696 0.509683552304 0.227637591744 0.647351751355 0.125010656902 0.0178919371653 0.0218104933136 0.0114650732093 0.948832496312
0.478240847251 0.521759152749 0.241172136346 0.633970875356 0.124856988298 0.00506447517353 0.356045133594 0.00331704447252 0.63557334676
0.48158683685 0.51841316315 0.21664240475 0.643105345575 0.140252249675 0.00810060075972 0.107585680677 0.00389261370907 0.880421104855
0.495290120328 0.504709879672 0.234690544574 0.632032437912 0.133277017514 0.0053543366481 0.00299334950907 0.0599411638988 0.931711149944
0.487484992572 0.512515007428 0.230228999895 0.628444264232 0.141326735872 0.00794858439436 0.036731648573 0.00794090583916 0.947378861193
0.509122315663 0.490877684337 0.21116660967 0.682636439505 0.106196950824 0.0331761266239 0.0685424153564 0.0170870930971 0.881194364923
0.490009483868 0.509990516132 0.213595287635 0.673690018138 0.112714694226 0.00844673395365 0.00650750197992 0.00192928719438 0.983116476872
0.483259268727 0.516740731273 0.194906514563 0.671587676781 0.133505808656 0.0365565400244 0.139081885839 0.00200810728042 0.822353466856
0.491893768535 0.508106231465 0.249869147874 0.642504070772 0.107626781355 0.0106618998624 0.0228048707762 0.101421662136 0.865111567225
0.479458301638 0.520541698362 0.19865795501 0.669954484197 0.131387560793 0.0408076810389 0.168172573387 0.00368519664548 0.787334548929
0.484909642812 0.515090357188 0.201461627783 0.677195025161 0.121343347056 0.0079073719122 0.220750825927 0.0121499711617 0.759191830999
0.498123043206 0.501876956794 0.232775516594 0.624683782091 0.142540701315 0.00543446695288 0.00553179131772 0.0406831542513 0.948350587478
0.481818437437 0.518181562563 0.216380668961 0.653911016893 0.129708314146 0.00845179776011 0.107046093948 0.00188707595828 0.882615032333
0.486656377113 0.513343622887 0.223340650467 0.641799538083 0.13485981145 0.0108152751139 0.0753395744396 0.0813393243828 0.832505826064
0.491525411803 0.508474588197 0.215514363086 0.646808013592 0.137677623323 0.0248211041555 0.0165469249981 0.0137942402167 0.94483773063
0.479248955721 0.520751044279 0.196986224885 0.649069913984 0.153943861131 0.0116847516278 0.0926525698878 0.00125257531202 0.894410103172
0.479833855524 0.520166144476 0.18944974608 0.660522948506 0.150027305414 0.0187251183284 0.039709512871 0.00415988849741 0.937405480303
0.48427124421 0.51572875579 0.219729641441 0.666427854624 0.113842503936 0.00643625883756 0.299033267136 0.00237125325594 0.69215922077
0.492091999471 0.507908000529 0.242435388302 0.610538157827 0.147026453871 0.00449694803671 0.00469134060314 0.0728252151638 0.917986496196
0.481615522069 0.518384477931 0.207062270552 0.666057572145 0.126880157304 0.00654049389264 0.159827041231 0.00206225127009 0.831570213606
0.492506288814 0.507493711186 0.240224743046 0.658720007818 0.101055249136 0.0210423318028 0.133162162678 0.00433922879672 0.841456276722
0.496711263314 0.503288736686 0.311781640886 0.601177699742 0.0870406593726 0.0198038662968 0.00686972389953 0.0144106345415 0.958915775262
0.489539020325 0.510460979675 0.215083570558 0.667347243398 0.117569186044 0.00572114956847 0.0034718391316 0.00301806210517 0.987788949195
0.490350485619 0.509649514381 0.204618352454 0.687990092055 0.107391555491 0.0259506012986 0.189750546086 0.00249336440712 0.781805488208
0.495972829183 0.504027170817 0.220999192059 0.660791560263 0.118209247678 0.0444011896837 0.0315292267456 0.0171500589643 0.906919524606
0.480371925595 0.519628074405 0.201477911342 0.648591534767 0.149930553891 0.00416300401566 0.0314192668001 0.00137185465485 0.963045874529
0.48917579714 0.51082420286 0.222950020739 0.643924110071 0.13312586919 0.0110479683433 0.0504200797026 0.00812097734613 0.930410974608
0.500469589143 0.499530410857 0.252021658421 0.64393017452 0.104048167059 0.00633477216493 0.00814083693041 0.02139960989 0.964124781015
