9
0.501320885855 0.498679114145 0.413110462244 0.557083502563 0.0298060351925 3.33570843065e-005 0.452402448301 9.67902282335e-005 0.547467404387
0.584026811789 0.415973188211 0.332574275333 0.64006675326 0.0273589714079 0.0138288958847 0.0150328232911 0.215405390016 0.755732890809
0.514890619139 0.485109380861 0.416195010678 0.559812154104 0.0239928352177 4.72718067895e-005 0.27970880567 5.03216007759e-005 0.720193600922
0.552526408148 0.447473591852 0.264313886088 0.683582856628 0.0521032572842 0.0376444477066 0.00743744499355 0.0103545125999 0.9445635947
0.547215119511 0.452784880489 0.304862188172 0.669638419135 0.0254993926936 0.00119881415601 0.0158791921438 0.00266259032796 0.980259403372
0.500092468242 0.499907531758 0.280319204634 0.663632606048 0.0560481893183 0.000679201250523 0.0167609695956 0.000168424297131 0.982391404857
0.509692261889 0.490307738111 0.314727562885 0.639307155342 0.0459652817735 0.000281484288305 0.16616775381 4.87184345143e-005 0.833502043468
0.473611320403 0.526388679597 0.25003322283 0.70782227043 0.0421445067397 0.00165758939143 0.311074275791 7.89328281632e-005 0.687189201989
0.520764669601 0.479235330399 0.388010170607 0.585477408055 0.0265124213385 0.000228931664844 0.436540520905 0.000677335008382 0.562553212422
0.497760036745 0.502239963255 0.414874564135 0.555090693375 0.0300347424902 9.24952094249e-005 0.466903634881 8.57272672719e-006 0.532995297183
0.577151793883 0.422848206117 0.365530890546 0.607015671725 0.0274534377288 0.0170486858047 0.00181119105902 0.0261231857182 0.955016937418
0.51286038722 0.48713961278 0.330270363989 0.630097857578 0.0396317784334 0.000328317657185 0.0176453630057 3.31843494312e-006 0.982023000902
0.510798096693 0.489201903307 0.32378172035 0.629283471729 0.0469348079217 8.42452618001e-005 0.0228515272633 9.65641444218e-005 0.976967663331
0.518335660996 0.481664339004 0.341148874174 0.611283319381 0.0475678064449 4.97344583178e-005 0.00568720251737 0.000171158225923 0.994091904798
0.522760022985 0.477239977015 0.34941053808 0.609447745734 0.041141716186 2.92418539335e-005 0.0353642820955 0.00144849183438 0.963157984216
0.507749721262 0.492250278738 0.378033077929 0.585933003177 0.0360339188937 2.65465211483e-005 0.13259568158 4.75043010022e-005 0.867330267598
0.502837600651 0.497162399349 0.406731189863 0.564088277947 0.0291805321894 0.00044585180494 0.471042431919 0.000429204740794 0.528082511535
0.505417111853 0.494582888147 0.27327719594 0.647161472466 0.0795613315936 0.000177114502366 0.0018993010457 0.00114908433242 0.99677450012
0.496004356741 0.503995643259 0.332400861523 0.625381984036 0.0422171544406 0.000465470975822 0.197857991792 2.52515900085e-006 0.801674012074
0.4874528846 0.5125471154 0.2745629365 0.674250970557 0.0511860929431 0.00107687251412 0.0113975245834 0.0002092433518 0.987316359551
0.51586711508 0.48413288492 0.319482133284 0.63039906414 0.0501188025759 0.000102850826648 0.00653288624203 0.0026245548294 0.990739708102
0.532427312187 0.467572687813 0.365022560625 0.596763448811 0.0382139905637 0.000123901303761 0.00283145882651 0.00524268097298 0.991801958897
0.503749186151 0.496250813849 0.420175048174 0.550737033044 0.029087918782 0.000152778046375 0.585088346967 0.00142012673487 0.413338748251
0.513640833498 0.486359166502 0.349249368758 0.614381173427 0.0363694578149 0.000147424971795 0.0518993840662 4.18455160115e-005 0.947911345446
0.615800007397 0.384199992603 0.293823631467 0.686162654285 0.0200137142479 0.0171783881083 0.00625901557151 0.0466158986393 0.929946697681
0.52948701116 0.47051298884 0.364713639754 0.602642400515 0.0326439597309 0.000171621494889 0.00587920847791 0.00311544593454 0.990833724093
0.60477146569 0.39522853431 0.256989375671 0.688862361227 0.0541482631013 0.0373213653006 0.00316522971537 0.123207747726 0.836305657258
0.498991710157 0.501008289843 0.25968912927 0.661511474931 0.0787993957998 0.000274546391051 0.00160840452103 5.34515097622e-005 0.998063597578
0.499960449527 0.500039550473 0.307208400492 0.650439653384 0.0423519461245 0.000767119913318 0.0370787011943 3.3445366463e-005 0.962120733526
0.533654190774 0.466345809226 0.389952718676 0.580003083565 0.0300441977593 0.00178690287236 0.00824330551431 0.0672981414162 0.922671650197
0.497294361426 0.502705638574 0.290855922431 0.661209340622 0.0479347369462 0.001035095573 0.0136515954147 0.000723218690491 0.984590090322
0.495655319171 0.504344680829 0.414200209217 0.550781283087 0.0350185076953 2.69298398467e-005 0.329742159984 0.00300294116094 0.667227969015
0.556149849912 0.443850150088 0.394126976649 0.582767230414 0.0231057929367 0.000564005188848 0.000896141577836 0.0218332675327 0.976706585701
0.505744375587 0.494255624413 0.30898641971 0.64052345531 0.0504901249803 9.57295711772e-005 0.0233072642629 1.01021155514e-005 0.97658690405
0.535571634798 0.464428365202 0.414910207519 0.565527268472 0.0195625240095 7.33814023692e-005 0.0704512070608 0.0815355944083 0.847939817128
0.563397140757 0.436602859243 0.305704743531 0.65436592956 0.0399293269091 0.0311895457711 0.00267207691712 0.0119723554902 0.954166021822
0.508486595373 0.491513404627 0.324470983923 0.63390580347 0.0416232126074 0.000312117439939 0.0248876765975 0.000260071420468 0.974540134542
0.491221683981 0.508778316019 0.281709934946 0.671994331707 0.0462957333471 0.000884365170479 0.0212154304222 8.16696067725e-005 0.977818534801
0.496073314054 0.503926685946 0.427547156843 0.542850568392 0.0296022747648 4.99882117351e-005 0.583683996908 9.02772182082e-005 0.416175737662
0.538297183555 0.461702816445 0.385609468282 0.582367220264 0.0320233114539 0.000413377493339 0.00115795502652 0.050364818089 0.948063849391
0.505402312958 0.494597687042 0.389220923231 0.57777055748 0.0330085192891 3.90969882452e-005 0.23767158134 5.34490472212e-005 0.762235872625
0.517891173644 0.482108826356 0.417565922761 0.558052403622 0.0243816736175 0.000278478438421 0.203601523267 0.000154163564262 0.79596583473
0.511969329609 0.488030670391 0.410811947071 0.552745934466 0.0364421184632 0.00357363531576 0.0024281930558 0.00947790235918 0.984520269269
0.509653970277 0.490346029723 0.27678847534 0.642194073132 0.0810174515284 0.000113490532271 0.00240367127322 1.45500682398e-005 0.997468288126
0.499355511643 0.500644488357 0.384003424317 0.576626658654 0.0393699170295 0.000136448162642 0.356341118249 0.000190919563538 0.643331514024
0.587099476359 0.412900523641 0.308490477567 0.662826955088 0.0286825673447 0.0178458723458 0.00485231701032 0.0193764560329 0.957925354611
0.520694618273 0.479305381727 0.385212557316 0.581032928348 0.0337545143365 5.84063412599e-005 0.045368168544 1.25156445557e-005 0.95456090947
0.515969226338 0.484030773662 0.358129513533 0.591929674788 0.0499408116785 0.000104879456289 0.00122858791653 0.00404631708781 0.994620215539
0.628805481406 0.371194518594 0.306725602357 0.678031287918 0.0152431097244 0.00922933935654 0.0101587576056 0.0182209205564 0.962390982482
0.502414534821 0.497585465179 0.39817900656 0.571191658857 0.0306293345829 3.27394552061e-005 0.424809397907 0.000425145211177 0.574732717426
0.580238214079 0.419761785921 0.318019605629 0.653538978092 0.0284414162785 0.00820145433904 0.00983097957466 0.142894193409 0.839073372677
0.514482209332 0.485517790668 0.394530497125 0.576910232753 0.0285592701223 4.57302840549e-005 0.281299044936 0.000292165703684 0.718363059077
0.556446155263 0.443553844737 0.22952842915 0.71759986966 0.0528717011905 0.0335896336942 0.00910391331577 0.0068856625037 0.950420790486
0.539028865216 0.460971134784 0.286021275928 0.68043053943 0.0335481846424 0.00334658283105 0.0143337371593 0.00185476281063 0.980464917199
0.505619166885 0.494380833115 0.277557759037 0.668917953919 0.053524287045 0.000478131537305 0.0136119473679 0.000136352708575 0.985773568386
0.511239509297 0.488760490703 0.289913199344 0.658268839406 0.0518179612492 0.000168048951671 0.154115716531 2.47130811281e-005 0.845691521436
0.477392930175 0.522607069825 0.232328989734 0.716078390948 0.0515926193176 0.00128976134884 0.285275879046 0.000205395249933 0.713228964355
0.523725816117 0.476274183883 0.35787327612 0.613043582682 0.0290831411981 0.000321543835593 0.410126504912 9.83233216275e-005 0.589453627931
0.500175729681 0.499824270319 0.39893903094 0.570070676248 0.0309902928126 9.08351893224e-005 0.451104797363 3.64107298972e-005 0.548767956718
0.569869223634 0.430130776366 0.334304090431 0.638144898594 0.0275510109742 0.00686130579802 0.00199942259378 0.0107127281215 0.980426543487
0.516383259577 0.483616740423 0.296211970875 0.660511661684 0.043276367441 0.000424219454825 0.0193397605891 3.33416628374e-005 0.980202678293
0.512165312291 0.487834687709 0.295116834219 0.649468426456 0.0554147393256 0.000116999077336 0.0223334947624 0.000103299818281 0.977446206342
0.516085026279 0.483914973721 0.309345255783 0.634194199062 0.0564605451549 6.1129887076e-005 0.00673013087639 0.000211707182447 0.992997032054
0.523914086114 0.476085913886 0.318696422951 0.629171400917 0.0521321761313 7.27402186583e-005 0.0319524716594 0.0014453422309 0.966529445891
0.507317552475 0.492682447525 0.358651010491 0.600189434356 0.0411595551529 2.79487576996e-005 0.11426500226 0.000102187645339 0.885604861337
0.504274964561 0.495725035439 0.385492448235 0.584391928797 0.0301156229676 0.000391212686883 0.430982354376 0.000470904160136 0.568155528777
0.50790238304 0.49209761696 0.273986612751 0.643612047715 0.0824013395345 0.00016299128064 0.00183600921911 0.00120155555645 0.996799443944
0.497338162931 0.502661837069 0.30990719037 0.643207291843 0.0468855177872 0.000310341792849 0.179295724849 4.24596980266e-005 0.82035147366
0.49169443111 0.50830556889 0.270204321701 0.677754052134 0.0520416261644 0.000816001349803 0.0113043070137 0.000204371652226 0.987675319984
0.517595891783 0.482404108217 0.296573659132 0.647660655155 0.0557656857135 0.000103908193552 0.00609037237209 0.00267563598398 0.99113008345
0.53403995167 0.46596004833 0.319443572494 0.63899725215 0.0415591753553 0.00016572658582 0.00341281143591 0.00436140343439 0.992060058544
0.504008092976 0.495991907024 0.403757743569 0.565932870662 0.0303093857689 0.000146345752134 0.561726746328 0.00069722900161 0.437429678919
0.512493566552 0.487506433448 0.311313582715 0.64295896511 0.0457274521751 0.000193724598318 0.0478092875459 9.50404377326e-005 0.951901947418
0.603297939386 0.396702060614 0.273828855625 0.701826454652 0.0243446897224 0.00769572374107 0.00487697212893 0.0285731000683 0.958854204062
0.52656821678 0.47343178322 0.327633386404 0.629710689816 0.0426559237804 0.000612306179931 0.00644934550341 0.00293739211249 0.990000956204
0.641844274809 0.358155725191 0.20883578567 0.752811889221 0.0383523251097 0.0225465648855 0.00626564885496 0.064 0.90718778626
0.502331781909 0.497668218091 0.262206043125 0.658544811705 0.0792491451699 0.000157929451985 0.0013098854547 7.89647259924e-005 0.998453220367
0.507047033167 0.492952966833 0.291158774169 0.666588015914 0.0422532099174 0.000530118829387 0.0353780417292 6.62155861242e-005 0.964025623855
0.535424578599 0.464575421401 0.369389272568 0.600972439391 0.0296382880416 0.00154597755583 0.00497401474484 0.06285651434 0.930623493359
0.503049284291 0.496950715709 0.273398884354 0.680662778516 0.0459383371301 0.00071672993831 0.0147242356325 0.000663403124161 0.983895631305
0.497884454742 0.502115545258 0.405724276418 0.559004984521 0.0352707390611 3.71665155077e-005 0.316297471725 0.00355846723477 0.680106894525
0.55030014418 0.44969985582 0.367912806691 0.609673702814 0.0224134904954 0.000169827538402 0.00106922031831 0.0112398103477 0.987521141796
0.510739710614 0.489260289386 0.282299386366 0.662707963211 0.0549926504227 0.000135301789067 0.02337931007 2.66408173822e-005 0.976458747324
0.531982825988 0.468017174012 0.390406991859 0.584777979708 0.0248150284334 0.000112844000712 0.083041115647 0.0451526863812 0.871693353971
0.571172697747 0.428827302253 0.257674654268 0.700371065808 0.0419542799237 0.0164886698922 0.00221771346607 0.00756579191843 0.973727824723
0.51430514183 0.48569485817 0.309488678422 0.647931717532 0.0425796040459 0.00025779143968 0.0252989160888 0.000196083266113 0.974247209205
0.498173642211 0.501826357789 0.276067980072 0.677748100128 0.0461839198002 0.000562098007777 0.0175614161184 0.000523396177734 0.981353089696
0.496134353966 0.503865646034 0.41614866602 0.554709790757 0.0291415432222 4.28929655536e-005 0.551565923189 0.000218424178435 0.448172759667
0.543104156962 0.456895843038 0.34409929358 0.622789112727 0.0331115936929 0.000279163127175 0.00139924095032 0.0327751212561 0.965546474666
0.505078980167 0.494921019833 0.369958357002 0.591775748581 0.0382658944167 2.42586355021e-005 0.216537157593 9.88653824237e-005 0.783339718389
0.517799115215 0.482200884785 0.386891520805 0.584613987994 0.0284944912005 0.00024200945351 0.177092663187 0.000180159741638 0.822485167618
0.527286655185 0.472713344815 0.372644146517 0.594110500683 0.0332453528001 0.00669879014654 0.00306414071477 0.00836478273796 0.981872286401
0.512894852173 0.487105147827 0.276260938251 0.641483975972 0.0822550857773 3.09026958388e-005 0.00455393363225 7.3042735619e-005 0.995342120936
0.502203130366 0.497796869634 0.370538678427 0.588185065826 0.0412762557466 8.14896304445e-005 0.325520029957 0.000261445897676 0.674137034515
0.576767747528 0.423232252472 0.26536034306 0.702422312975 0.0322173439653 0.0138565136297 0.00530477499803 0.00962968152085 0.971209029851
0.527421160427 0.472578839573 0.367727356614 0.597665634548 0.0346070088379 7.61596535637e-005 0.0525526177219 2.94811562182e-005 0.947341741468
0.51784511496 0.48215488504 0.321768389449 0.627347201373 0.0508844091786 0.000112688850231 0.00124257667555 0.0043455905667 0.994299143908
0.628027266811 0.371972733189 0.2690855935 0.71172587021 0.0191885362908 0.0131949439934 0.0153118898366 0.0101805227281 0.961312643442
0.499581802711 0.500418197289 0.391037264647 0.57336300191 0.0355997334433 3.6198339646e-005 0.383554199987 0.000172474441843 0.616237127232
0.549440091931 0.450559908069 0.33431891384 0.635732446411 0.0299486397488 0.00514421149024 0.0239554467594 0.0987215781567 0.872178763594
0.510915395696 0.489084604304 0.383183282682 0.581346114297 0.0354706030208 6.90558861868e-005 0.269500583265 6.04952391388e-005 0.730369865609
0.529228060315 0.470771939685 0.238564985156 0.702823632413 0.0586113824317 0.0309399768476 0.0113115180336 0.00506586056452 0.952682644554
0.524388881144 0.475611118856 0.301894364119 0.654045441133 0.0440601947477 0.00300650575919 0.0120451795336 0.00147185750972 0.983476457197
0.50363565645 0.49636434355 0.300768261435 0.649553587613 0.0496781509522 0.000502668707279 0.0152437544862 0.000115164732648 0.984138412074
0.510105245221 0.489894754779 0.289215002632 0.654990754945 0.0557942424229 0.000228696474935 0.13602956014 8.96848921315e-006 0.863732774895
0.465165653117 0.534834346883 0.206783846934 0.745853627187 0.047362525879 0.00161802313225 0.251310073108 8.45577060637e-005 0.746987346054
0.511445888876 0.488554111124 0.33444644978 0.623447720286 0.0421058299344 0.000322157630076 0.340213945708 0.000534864270447 0.658929032391
0.498931913177 0.501068086823 0.384015027177 0.580687768503 0.0352972043201 7.87338492012e-005 0.41658666663 4.31654875007e-005 0.583291434033
0.541647177597 0.458352822403 0.353192268386 0.61242054379 0.0343871878237 0.00504786206833 0.00213029041416 0.00717352141637 0.985648326101
0.509589871216 0.490410128784 0.292705805549 0.66133517058 0.0459590238708 0.000536445612217 0.0281058026793 2.99138973182e-005 0.971327837811
0.508148744706 0.491851255294 0.28995680936 0.647274957629 0.0627682330108 0.000131040578217 0.0275765341815 4.26564382215e-005 0.972249768802
0.511389875546 0.488610124454 0.299371736211 0.640479566639 0.0601486971504 0.000127286741672 0.00790550498519 0.000220047994589 0.991747160279
0.513899902614 0.486100097386 0.31238989652 0.628314426103 0.059295677377 8.478135172e-005 0.0327397319892 0.0012864157101 0.965889070949
0.507936258343 0.492063741657 0.352188169852 0.600695652318 0.0471161778299 3.10349536338e-005 0.0976309985393 2.35865647617e-005 0.902314379942
0.502268823787 0.497731176213 0.363212468732 0.603656592635 0.0331309386328 0.00031970927029 0.389354181714 0.000592713186312 0.60973339583
0.506178272792 0.493821727208 0.282579365131 0.636467093111 0.0809535417582 0.000221350131638 0.00170569807321 0.00109242800261 0.996980523793
0.503190056158 0.496809943842 0.297326280754 0.652632632909 0.0500410863365 0.000284894192504 0.168645635083 2.20741262957e-005 0.831047396598
0.49061249791 0.50938750209 0.280348714442 0.666017877889 0.0536334076687 0.00072968334183 0.0118021283599 0.000144067682218 0.987324120616
0.525686863962 0.474313136038 0.299960433107 0.647928059203 0.0521115076896 0.000296858695261 0.0163782039749 0.00153036245656 0.981794574873
0.521772843902 0.478227156098 0.311999469904 0.641547478855 0.0464530512415 0.000259307744672 0.00369021312248 0.00367010525213 0.992380373881
0.501013616528 0.498986383472 0.384911956199 0.57776573014 0.0373223136612 0.000204957171211 0.522268847962 0.00061710537926 0.476909089488
0.506254746178 0.493745253822 0.294544396743 0.650893688063 0.0545619151938 0.000175966604535 0.0523613748897 5.02342059691e-005 0.9474124243
0.546451103957 0.453548896043 0.326853179072 0.642416519183 0.0307303017449 0.00367105188845 0.00302064716181 0.0199603198461 0.973347981104
0.518990690944 0.481009309056 0.321471357045 0.628799390335 0.0497292526197 0.000789125343651 0.0102146606067 0.00222775561336 0.986768458436
0.597361995685 0.402638004315 0.249208737612 0.705741192342 0.0450500700462 0.018796749648 0.00446987998501 0.0633921996719 0.913341170695
0.501287569146 0.498712430854 0.271187973529 0.649203804735 0.0796082217364 0.000232462089496 0.00140154327744 6.3193577727e-005 0.998302801055
0.503842010203 0.496157989797 0.302184446392 0.655485502827 0.0423300507811 0.000500966443804 0.0371152444628 3.16866820875e-005 0.962352102411
0.528530595255 0.471469404745 0.371441670487 0.5945372956 0.0340210339127 0.00119883446649 0.0159095323991 0.0541473567365 0.928744276398
0.499493174295 0.500506825705 0.278105286457 0.674359328821 0.0475353847228 0.000887221819995 0.0191120521487 0.000529887310118 0.979470838721
0.499804815947 0.500195184053 0.40428081696 0.557096600277 0.038622582763 4.41557517947e-005 0.298308053189 0.00462033282496 0.697027458235
0.528192594516 0.471807405484 0.389449797082 0.580617429288 0.0299327736299 0.000304542475173 0.000721935715257 0.00966806416107 0.989305457648
0.51324496987 0.48675503013 0.285513359263 0.658985294368 0.0555013463686 0.000201930967043 0.0323275330703 2.62180361337e-005 0.967444317927
0.52164515504 0.47835484496 0.376181850685 0.591832008067 0.0319861412483 0.000169601579267 0.0736623045206 0.0282687376466 0.897899356254
0.53145244572 0.46854755428 0.272723903723 0.672859360923 0.0544167353537 0.00958527628037 0.0027368267872 0.00585915809387 0.981818738839
0.507914147415 0.492085852585 0.321660843162 0.633081446959 0.0452577098786 0.000273623319771 0.032633881333 3.86467136475e-005 0.967053848634
0.492265845132 0.507734154868 0.288766503781 0.66125865745 0.0499748387695 0.00044838078283 0.0166049798394 0.000181999579746 0.982764639798
0.49788029392 0.50211970608 0.408614421881 0.559659840655 0.0317257374637 9.68092157622e-005 0.513575265305 0.000180552157004 0.486147373322
0.529607397411 0.470392602589 0.347759407967 0.612032750748 0.0402078412848 0.000289059566693 0.00130705195374 0.025738869243 0.972665019237
0.502149164737 0.497850835263 0.361154602135 0.595523200232 0.0433221976332 3.33634887944e-005 0.19323362783 2.39532740062e-005 0.806709055407
0.516642548895 0.483357451105 0.354998067804 0.609958910216 0.0350430219797 0.000270199098135 0.159051626899 0.000452261823784 0.840225912179
0.516361961388 0.483638038612 0.377542405916 0.58707830755 0.0353792865337 0.00742774746549 0.00321765213754 0.00603254145564 0.983322058941
0.507490891757 0.492509108243 0.28558565212 0.630068853465 0.0843454944156 4.25618849808e-005 0.00162302654727 6.80990159692e-005 0.998266312552
0.506018784966 0.493981215034 0.358308157886 0.598326040512 0.0433658016026 0.000189244093267 0.298813824952 0.000356835544285 0.70064009541
0.541566878295 0.458433121705 0.275362951368 0.680096816621 0.0445402320107 0.0154059239832 0.00507363515676 0.00667909460343 0.972841346257
0.52134964723 0.47865035277 0.372679450892 0.588892577597 0.038427971511 7.78847592507e-005 0.058990873136 4.78239749785e-006 0.940926459707
0.5154572433 0.4845427567 0.312719932816 0.633877755008 0.0534023121757 0.000120437663631 0.00197601352853 0.00365150279229 0.994252046016
0.567684488843 0.432315511157 0.314514253825 0.659706397557 0.025779348618 0.00791144124032 0.00707297250028 0.00690836514028 0.978107221119
0.496933393998 0.503066606002 0.358806251392 0.603673601945 0.0375201466628 3.96788207303e-005 0.357046656247 0.000175720491806 0.642737944441
0.531033833594 0.468966166406 0.329630293669 0.634125429838 0.0362442764936 0.0058474698845 0.024677838158 0.100387305917 0.869087386041
0.506795428589 0.493204571411 0.348248695585 0.610968094151 0.0407832102644 0.000159613304416 0.258003582672 0.000220007527709 0.741616796496
0.518313352712 0.481686647288 0.228636754014 0.706716962902 0.0646462830837 0.0297205460882 0.0142759233298 0.00338403216627 0.952619498416
0.512412253051 0.487587746949 0.289240549131 0.651067056971 0.0596923938981 0.00364455763759 0.0114192921159 0.00134679679588 0.983589353451
0.498662956009 0.501337043991 0.277387566113 0.664504727995 0.0581077058917 0.000427530473215 0.0182674374247 0.000100815046086 0.981204217056
0.508671029449 0.491328970551 0.269549449719 0.660446101023 0.0700044492575 0.000230724054031 0.136764829264 2.09749140029e-005 0.862983471768
0.476273905301 0.523726094699 0.207467938741 0.736350386632 0.0561816746274 0.00160207365842 0.271259825538 8.21576235086e-005 0.72705594318
0.502431190067 0.497568809933 0.29778305546 0.653680296992 0.0485366475479 0.000276527011445 0.294118488419 0.000399806294872 0.705205178275
0.493217823859 0.506782176141 0.347193447329 0.613834701111 0.0389718515603 0.000108990663935 0.368273264693 1.47842225527e-005 0.63160296042
0.533325693433 0.466674306567 0.327603649133 0.622241006434 0.050155344433 0.00423789749951 0.0015010156573 0.00817469305578 0.986086393787
0.507617957779 0.492382042221 0.259835574519 0.684929212145 0.0552352133356 0.000779225476611 0.0431119010245 6.14626216835e-005 0.956047410877
0.506425654075 0.493574345925 0.277175568887 0.650892982399 0.0719314487148 0.000141423367525 0.0345783221445 8.80036238966e-005 0.965192250864
0.507944955339 0.492055044661 0.283054965852 0.642345194572 0.0745998395755 8.98443870933e-005 0.00703376327785 0.000267104934602 0.9926092874
0.511053434903 0.488946565097 0.288505435361 0.642638862297 0.0688557023422 0.000108453008215 0.0352706194953 0.00130462589294 0.963316301604
0.5059277003 0.4940722997 0.340323993447 0.605289834192 0.054386172361 2.86851967938e-005 0.0864533584437 8.41432439286e-006 0.913509542035
0.498585120906 0.501414879094 0.336233832257 0.627660668283 0.0361054994602 0.000484870286492 0.369398832219 0.00073087415118 0.629385423343
0.503227270846 0.496772729154 0.287168437011 0.626226105377 0.0866054576121 0.000163025144748 0.00137442737418 0.00126908804988 0.997193459431
0.503215394667 0.496784605333 0.282541223306 0.660340844863 0.057117931831 0.000533856034167 0.169399077918 3.06461558075e-005 0.830036419892
0.487496511448 0.512503488552 0.265461551757 0.669969806192 0.064568642051 0.000796072302096 0.012322295625 0.000205665738112 0.986675966335
0.520268466078 0.479731533922 0.290504086208 0.656826498879 0.0526694149129 0.000471880759759 0.0349941402116 0.00146210756197 0.963071871467
0.513492642026 0.486507357974 0.289326703044 0.646888296264 0.0637850006926 0.000324498928022 0.00368376487401 0.00432028200205 0.991671454196
0.50011468683 0.49988531317 0.354421476825 0.607030719578 0.038547803597 0.000282612232632 0.502392004064 0.000725437737988 0.496599945965
0.502254525376 0.497745474624 0.267485491833 0.665088686911 0.0674258212563 0.000295643840923 0.0616746666843 0.000159256421299 0.937870433053
0.545432900674 0.454567099326 0.297152822888 0.653151400881 0.0496957762313 0.00307660256768 0.00233628344922 0.0275257344598 0.967061379523
0.512603023448 0.487396976552 0.296368826028 0.641045357545 0.0625858164278 0.000676360686027 0.00997994866335 0.00236290814775 0.986980782503
0.583814711503 0.416185288497 0.24212157173 0.704981979606 0.0528964486639 0.0126952052538 0.00566671791605 0.0534933778471 0.928144698983
0.498092599717 0.501907400283 0.268619005739 0.642014067335 0.089366926926 0.000189128140763 0.00169785490003 0.000137547738737 0.99797546922
0.502468739283 0.497531260717 0.271113719256 0.67910628109 0.0497799996533 0.000650775214323 0.0516730366755 5.27053690687e-005 0.947623482741
0.517867224798 0.482132775202 0.367024884605 0.593210324429 0.039764790966 0.00101814951915 0.00673254322411 0.0683672047189 0.923882102538
0.501468613209 0.498531386791 0.250631604055 0.696311349632 0.0530570463129 0.00119859555868 0.0327940765484 0.000553937356223 0.965453390537
0.496867780597 0.503132219403 0.378945866635 0.58454363215 0.0365105012157 2.90195553952e-005 0.289768777229 0.00522951314018 0.704972690075
0.528189235435 0.471810764565 0.343493736516 0.612006431019 0.0444998324643 0.000337815508669 0.000553723681602 0.0123185159618 0.986789944848
0.50568590685 0.49431409315 0.274734891646 0.662822815048 0.0624422933058 0.000268554441401 0.0465349932455 6.54460403415e-005 0.953131006273
0.514709270296 0.485290729704 0.337541821486 0.622003915656 0.0404542628583 0.000141483447689 0.0718677484516 0.0386992704629 0.889291497638
0.523882715829 0.476117284171 0.244442719522 0.684930098684 0.0706271817938 0.00857529886159 0.00234224448671 0.00500741256424 0.984075044087
0.503098423378 0.496901576622 0.299706137659 0.647492758363 0.0528011039783 0.000369937755351 0.0447763812965 5.43018372295e-005 0.954799379111
0.487815946833 0.512184053167 0.279346288827 0.662521316036 0.0581323951367 0.000349092432403 0.0144189720101 0.000462547472934 0.984769388085
0.490668951813 0.509331048187 0.384676323933 0.582436270728 0.0328874053388 4.37091843924e-005 0.456462489181 0.00055154089253 0.542942260743
0.524861838582 0.475138161418 0.324455971569 0.622235090754 0.053308937677 0.000145774909107 0.000932382091913 0.031511916738 0.967409926261
0.498578666002 0.501421333998 0.332433194753 0.622006857433 0.0455599478134 4.01290857142e-005 0.182547593096 6.15312647618e-005 0.817350746554
0.509208433374 0.490791566626 0.322330257551 0.63773192929 0.0399378131591 0.0002709145426 0.146782117237 0.000171853901865 0.852775114319
0.511963248774 0.488036751226 0.356334609869 0.599016200968 0.0446491891636 0.00768538555904 0.00218175946693 0.0056493392695 0.984483515705
0.509622898076 0.490377101924 0.282926232221 0.630137443566 0.0869363242122 0.000114012085281 0.00157948449853 0.000100108172442 0.998206395244
0.50211429192 0.49788570808 0.338187367366 0.613611868134 0.0482007645 0.000192414809995 0.268457886138 0.000321654800399 0.731028044252
0.528587766631 0.471412233369 0.24929935392 0.685693626811 0.0650070192697 0.0151222083209 0.00437509114773 0.00719779249787 0.973304908034
0.514612784488 0.485387215512 0.35911371431 0.59862757395 0.0422587117408 5.95649445844e-005 0.0664426716323 1.04094077914e-005 0.933487354015
0.5140564531 0.4859435469 0.289054153886 0.64556116526 0.065384680854 0.000157876506547 0.00365395647372 0.0039292196069 0.992258947413
0.553210826148 0.446789173852 0.303220682648 0.658147985465 0.0386313318869 0.00544854033206 0.00554163988207 0.00817946046594 0.98083035932
0.494147642696 0.505852357304 0.323392379916 0.628527537089 0.0480800829944 3.88286319508e-005 0.347089141008 0.00016378622932 0.65270824413
0.517104280126 0.482895719874 0.308323702432 0.643787517952 0.0478887796163 0.00480710490104 0.0300303849089 0.110315045637 0.854847464553
0.504217992631 0.495782007369 0.309899983944 0.635077591058 0.0550224249982 0.00022930285264 0.247553718169 0.000142608932962 0.752074370046
0.50898118203 0.49101881797 0.197947646483 0.721667831844 0.0803845216722 0.0242701038757 0.0179960960635 0.00270362729061 0.95503017277
0.506347391961 0.493652608039 0.256373208843 0.666676459277 0.0769503318805 0.00290039312879 0.010839529385 0.00121072273025 0.985049354756
0.4972514132 0.5027485868 0.212203421166 0.71258546186 0.0752111169747 0.000375605092784 0.0193021233974 0.000117595986993 0.980204675523
0.504054332939 0.495945667061 0.227057653703 0.695773062419 0.0771692838784 0.000326447909045 0.134616611321 5.25318474325e-005 0.865004408923
0.47885131905 0.52114868095 0.178233455137 0.759624244636 0.0621423002273 0.0019740880211 0.28241372602 0.000286536840343 0.715325649119
0.497057047118 0.502942952882 0.25061952742 0.68022476908 0.0691557034996 0.000284597879008 0.270999370722 0.000363652845399 0.728352378553
0.491323334367 0.508676665633 0.306425057536 0.642765699776 0.0508092426889 0.000131893897122 0.34731856826 3.39338667353e-005 0.652515603976
0.526944613268 0.473055386732 0.286076822393 0.653527615252 0.0603955623551 0.00276066781869 0.0011336075584 0.00673877299842 0.989366951624
0.501079934119 0.498920065881 0.216278191333 0.711802640948 0.0719191677195 0.000629207086374 0.0490609315329 7.90149369888e-005 0.950230846444
0.503297454108 0.496702545892 0.239964105215 0.676006390112 0.084029504673 9.74387040536e-005 0.0355668773754 6.50563802513e-005 0.96427062754
0.504475492738 0.495524507262 0.245777829607 0.664488934975 0.0897332354188 5.90954146686e-005 0.00657692568318 0.000288779593014 0.993075199309
0.503234819225 0.496765180775 0.244007866618 0.668744183877 0.0872479495044 0.00012714960567 0.0361671223324 0.000646852797402 0.963058875265
0.504567886093 0.495432113907 0.303640990193 0.629841507689 0.0665175021182 4.46298829748e-005 0.075214003803 1.54623216606e-005 0.924725903992
0.495956647546 0.504043352454 0.297155100936 0.65250266511 0.0503422339543 0.000438685550874 0.359283466166 0.000761883005906 0.639515965277
0.502606152314 0.497393847686 0.261213654916 0.643976931775 0.0948094133088 0.000151081293539 0.00153914067793 0.00147658357982 0.996833194449
0.502424716293 0.497575283707 0.238214648888 0.693965772845 0.0678195782663 0.000416748112828 0.165782838543 4.00824930652e-005 0.833760330851
0.487054641706 0.512945358294 0.217856562887 0.696667910666 0.085475526447 0.000686863941404 0.0128317303805 0.000178144475865 0.986303261202
0.512685056199 0.487314943801 0.250024638011 0.687028762358 0.062946599631 0.000349308023849 0.0396386602553 0.00119518137572 0.958816850345
0.511243419403 0.488756580597 0.246804068331 0.677051534577 0.076144397092 0.00030870608459 0.00355549188841 0.00448662393009 0.991649178097
0.496604078403 0.503395921597 0.326280934666 0.620867059011 0.0528520063229 0.000346644100456 0.492068856248 0.000977197503796 0.506607302147
0.49707239533 0.50292760467 0.234008355828 0.67992191645 0.0860697277222 0.000201074652862 0.0645727071148 8.71940018982e-005 0.93513902423
0.534463836298 0.465536163702 0.253630312303 0.681562088886 0.0648075988103 0.00183571183435 0.00200194474633 0.0301024566722 0.966059886747
0.505981757577 0.494018242423 0.251955033842 0.667767362752 0.0802776034059 0.000484863592216 0.0107695955569 0.00258467253468 0.986160868316
0.556396092411 0.443603907589 0.225366676644 0.712953640462 0.0616796828939 0.00731085653124 0.00602283962375 0.0430578609849 0.94360844286
0.49826458118 0.50173541882 0.233756642605 0.667123070288 0.099120287107 0.000144448694265 0.000842278301772 0.000101724432581 0.998911548571
0.4973742628 0.5026257372 0.210270986848 0.722707392615 0.0670216205367 0.000455270403938 0.0545586533226 5.07191421494e-005 0.944935357131
0.51116359356 0.48883640644 0.345215844518 0.611002260172 0.04378189531 0.000609230977515 0.00878496026836 0.0648906204754 0.925715188279
0.496346577549 0.503653422451 0.206043975203 0.725527633732 0.0684283910652 0.00146329788647 0.0423781424663 0.000641806429519 0.955516753218
0.49641017543 0.50358982457 0.32512362027 0.631047565771 0.0438288139594 4.03178050987e-005 0.274748482693 0.00631253634552 0.718898663157
0.522485921472 0.477514078528 0.296899218768 0.641739428447 0.0613613527849 0.000243015258554 0.000313115813906 0.0157554892629 0.983688379665
0.501051883053 0.498948116947 0.228568136137 0.693296467723 0.0781353961398 0.000185592358112 0.0491430323533 4.89315265536e-005 0.950622443762
0.505852936569 0.494147063431 0.292275750139 0.645692110284 0.0620321395768 9.92966204053e-005 0.0722678235294 0.0270176688064 0.900615211044
0.516378142654 0.483621857346 0.212267960253 0.702635810015 0.0850962297327 0.0062348350531 0.00235389342231 0.00421590112363 0.987195370401
0.500112826231 0.499887173769 0.241973984311 0.689596148757 0.0684298669317 0.000260399305871 0.0474912577347 4.45446446428e-005 0.952203798315
0.489809994028 0.510190005972 0.221211025225 0.702691260622 0.0760977141527 0.000449992009488 0.0154539311919 0.000274761476198 0.983821315322
0.492281835389 0.507718164611 0.337237420281 0.619961322326 0.0428012573929 5.1584268693e-005 0.4285515769 0.000649540689461 0.570747298142
0.517160449856 0.482839550144 0.277511388716 0.653370888748 0.0691177225368 0.000101094778688 0.000737214232278 0.0363116892004 0.962850001789
0.495853168949 0.504146831051 0.293569848287 0.647518160284 0.0589119914289 2.91511094055e-005 0.174473162288 3.90967820262e-005 0.82545858982
0.502134275235 0.497865724765 0.280064893441 0.66576448551 0.054170621049 0.000278261726277 0.144102316759 0.000171945481279 0.855447476034
0.506296451091 0.493703548909 0.314304664644 0.63078991841 0.0549054169468 0.00462284893969 0.00224418963857 0.00656175610111 0.986571205321
0.507261344372 0.492738655628 0.257575209266 0.646408578324 0.0960162124093 6.95931030451e-005 0.00106895006277 4.45395859489e-005 0.998816917248
0.503778326243 0.496221673757 0.28636930763 0.655767684565 0.0578630078054 0.000202780444795 0.247014590109 7.39420406435e-005 0.752708687406
0.52169202582 0.47830797418 0.211106957702 0.705768547355 0.0831244949432 0.0110736664342 0.00427602723433 0.00656264201347 0.978087664318
0.509250915102 0.490749084898 0.312495333795 0.634415612411 0.0530890537936 4.8896567461e-005 0.0619114667183 1.31442385648e-005 0.938026492476
0.510002113089 0.489997886911 0.249310058972 0.67350259929 0.0771873417375 0.000131311099899 0.00387495231208 0.0039090549521 0.992084681636
0.538621371769 0.461378628231 0.266086255992 0.683830391398 0.0500833526095 0.00335005703073 0.00381268395402 0.00936819519666 0.983469063819
0.490779271807 0.509220728193 0.326731211601 0.608388097891 0.0648806905086 8.98572119888e-005 0.320093281589 0.000303227246275 0.679513633953
0.505690466884 0.494309533116 0.318944965694 0.622034533683 0.0590205006223 0.00364630689594 0.0346793025687 0.0878010940256 0.87387329651
0.498312918857 0.501687081143 0.319362915427 0.602609254411 0.0780278301618 0.000369229028839 0.223443267567 0.000279147620384 0.775908355784
0.500237809085 0.499762190915 0.245561802354 0.669893879999 0.0845443176476 0.0135931901988 0.0438469563132 0.00189240204422 0.940667451444
0.501965528353 0.498034471647 0.274759657653 0.638006956514 0.087233385833 0.00443264084962 0.015236353394 0.00118329611778 0.979147709639
0.492455960304 0.507544039696 0.237568251564 0.674340400941 0.0880913474951 0.000350800612705 0.0266449010832 0.00016593267618 0.972838365628
0.494660232328 0.505339767672 0.257657544367 0.659597277457 0.0827451781756 0.000311738366491 0.137284538407 -3.1488723888e-006 0.862406872099
0.471114889713 0.528885110287 0.200530306241 0.728803332926 0.0706663608326 0.00271850379941 0.350488531858 0.000411894515063 0.646381069827
0.493239466605 0.506760533395 0.261899357884 0.652410326543 0.0856903155733 0.000240722094102 0.217660773126 0.000364872619396 0.781733632161
0.490239152663 0.509760847337 0.316145257852 0.620086408262 0.0637683338859 0.000185523316565 0.308555760499 9.66811649703e-005 0.691162035019
0.515151103312 0.484848896688 0.317120738248 0.608916870669 0.0739623910831 0.00377929848471 0.00178429110115 0.00645743446129 0.987978975953
0.495771779633 0.504228220367 0.240185230418 0.673234677536 0.0865800920459 0.00182023103029 0.0741709986091 0.000165684310649 0.92384308605
0.497815071028 0.502184928972 0.267752166628 0.640482341626 0.0917654917463 0.000206917658973 0.0442732614595 0.000111338986032 0.955408481895
0.499903283884 0.500096716116 0.269304975481 0.626539970462 0.104155054056 0.000236556169499 0.00751332917707 0.000413591754415 0.991836522899
0.500464231598 0.499535768402 0.261979353372 0.636084939949 0.101935706679 0.00022625491422 0.0384045406369 0.00124991403888 0.96011929041
0.500877477158 0.499122522842 0.308489931085 0.611626029015 0.0798840398994 0.000138895775191 0.0685720631354 7.946604253e-005 0.931209575047
0.491581194224 0.508418805776 0.314859311441 0.619238715178 0.0659019733812 0.000243640988847 0.329242925737 0.000152602089492 0.670360831185
0.496999258022 0.503000741978 0.277370553332 0.620238702349 0.10239074432 0.000117106783876 0.00133633068329 0.00166576191644 0.996880800616
0.497909732006 0.502090267994 0.267115549673 0.663096174521 0.0697882758053 0.000462784090303 0.164780166884 0.000134053694054 0.834622995332
0.484033732764 0.515966267236 0.236450845259 0.663680355714 0.0998687990271 0.00085524466906 0.0156018717726 0.00025608298368 0.983286800575
0.504117539784 0.495882460216 0.273788773787 0.653758785241 0.0724524409716 0.000492287830774 0.0694314216836 0.00109885676512 0.92897743372
0.503341678729 0.496658321271 0.276246000396 0.633517106384 0.0902368932195 0.000593221845185 0.00470218016573 0.00420285437292 0.990501743616
0.494187012429 0.505812987571 0.339554934247 0.590243121114 0.0702019446385 0.000492495298804 0.452789988163 0.00114839071538 0.545569125823
0.49077959558 0.50922040442 0.249380413402 0.647604732956 0.103014853642 0.00026452390502 0.0751308584079 0.000138331334652 0.924466286352
0.523537115244 0.476462884756 0.287792035518 0.626147161537 0.0860608029454 0.00124109182217 0.00208598243508 0.028116740517 0.968556185226
0.503453010539 0.496546989461 0.263056483919 0.638582130652 0.098361385429 0.000619465086993 0.0145125353023 0.00298339214856 0.981884607462
0.53108075186 0.46891924814 0.258772012019 0.672601088186 0.0686268997957 0.00414639332575 0.0269046517155 0.0314262842562 0.937522670703
0.492129277139 0.507870722861 0.254261667311 0.63735789754 0.10838043515 0.000221306156437 0.00137097288437 0.000138785216749 0.998268935742
0.492778050883 0.507221949117 0.231892390363 0.686626287477 0.0814813221603 0.000745081109794 0.0658958255807 0.00012845512748 0.933230638182
0.510203512398 0.489796487602 0.348146690997 0.603314508351 0.0485388006524 0.000612391454716 0.0123476914898 0.0615343269642 0.925505590091
0.488189498828 0.511810501172 0.226020674581 0.689121556889 0.0848577685306 0.00162320514213 0.0619353537507 0.000717707060848 0.935723734046
0.496587951193 0.503412048807 0.32293105074 0.621603430291 0.0554655189689 0.000109798622387 0.259588976417 0.000927463758399 0.739373761203
0.52118340445 0.47881659555 0.310143374497 0.61207547657 0.0777811489326 0.000230788845959 0.000414774359521 0.0173753336755 0.981979103119
0.494364967677 0.505635032323 0.258423353707 0.652359548271 0.0892170980216 0.000443998767677 0.0645701064993 0.0001442240895 0.934841670644
0.499498287551 0.500501712449 0.286287735336 0.62688220526 0.086830059404 0.000239211730155 0.0651798209227 0.0240864710088 0.910494496338
0.507957124668 0.492042875332 0.265325788236 0.647237535832 0.0874366759326 0.00379019351562 0.00758367598779 0.00382834541148 0.984797785085
0.492513344431 0.507486655569 0.250452466619 0.66507201554 0.0844755178409 0.000313144216583 0.0608268588758 0.00010870019809 0.93875129671
0.49322512047 0.50677487953 0.234931102064 0.676145604978 0.0889232929577 0.000540587649088 0.0175602572086 0.000486276273128 0.981412878869
0.491510027978 0.508489972022 0.347632316451 0.598043860565 0.0543238229838 6.37944665152e-005 0.388473804811 0.000261793588514 0.611200607134
0.516669730674 0.483330269326 0.29165517664 0.623631154824 0.0847136685357 0.000153215612671 0.00111387750412 0.0357666526219 0.962966254261
0.493088107791 0.506911892209 0.300582856733 0.628061091503 0.0713560517639 0.000101472474984 0.161202394143 0.00010299152401 0.838593141858
0.500978447696 0.499021552304 0.291365513564 0.642053357755 0.0665811286812 0.000439941271991 0.126775977546 0.000354858290143 0.872429222891
0.504652600956 0.495347399044 0.335305184493 0.603117895892 0.0615769196152 0.00695152375891 0.00396296393107 0.00610055385652 0.982984958454
0.497036376199 0.502963623801 0.280317249376 0.615025400599 0.104657350025 0.000127081959922 0.00117286058844 7.9426224951e-005 0.998620631227
0.504783829715 0.495216170285 0.290928923548 0.644429713018 0.0646413634337 0.000228479795514 0.221309207314 0.000318304306151 0.778144008585
0.514447261265 0.485552738735 0.263479087317 0.647656562965 0.0888643497188 0.00551871126172 0.0129273979036 0.00581945617401 0.975734434661
0.501750640223 0.498249359777 0.317357016921 0.613571724892 0.0690712581873 7.23028301821e-005 0.0572773047898 7.97824333044e-005 0.942570609947
0.502781858017 0.497218141983 0.2697780657 0.639987480256 0.0902344540445 0.00032584131266 0.0082063090915 0.00355134999929 0.987916499597
0.533003590003 0.466996409997 0.290993325967 0.646482795177 0.0625238788555 0.00191487090119 0.00880633973805 0.0111482681784 0.978130521182
0.487246918947 0.512753081053 0.339345035111 0.580713800302 0.0799411645861 0.000280153125881 0.300137688372 0.000390683484835 0.699191475017
0.502954703758 0.497045296242 0.347726586805 0.582984746126 0.0692886670696 0.00413309804892 0.0333436532746 0.0640607150567 0.89846253362
0.492079033876 0.507920966124 0.318909438204 0.572276226689 0.108814335107 0.000557650165223 0.217677846171 0.00032473603999 0.781439767623
0.498606940522 0.501393059478 0.303087941087 0.609351701486 0.0875603574274 0.0202832724099 0.0563095001994 0.00248552525881 0.920921702132
0.496290366813 0.503709633187 0.324444239193 0.58538199843 0.0901737623771 0.00466302180925 0.0228114456508 0.002445876149 0.970079656391
0.490774816052 0.509225183948 0.294755434804 0.609547284393 0.0956972808033 0.000885405487304 0.0423956926049 0.000364184164341 0.956354717743
0.495496222204 0.504503777796 0.321690731629 0.598215966228 0.080093302143 0.000919237167673 0.136065037151 0.00133849899781 0.861677226684
0.46883721052 0.53116278948 0.253511982365 0.655981496317 0.090506521318 0.00615261906105 0.540140919902 0.000770061276937 0.45293639976
0.492124300221 0.507875699779 0.296232702421 0.59205927021 0.111708027369 0.000747231969165 0.177805655045 0.000505830995077 0.820941281991
0.488424129546 0.511575870454 0.335711401846 0.590575068043 0.0737135301117 0.00050829762906 0.284736968659 0.000189977507069 0.714564756205
0.50723256159 0.49276743841 0.346900662629 0.565781013233 0.0873183241381 0.00413571379301 0.00225229953484 0.00784406049719 0.985767926175
0.491299313035 0.508700686965 0.297725519231 0.605567039025 0.0967074417443 0.00245188761011 0.10295288323 0.000466799389588 0.89412842977
0.493027128376 0.506972871624 0.317762710032 0.586683576057 0.0955537139104 0.000524969407177 0.0577691610616 0.000203380056397 0.941502489475
0.492848146734 0.507151853266 0.311093559216 0.570073946424 0.11883249436 0.00043127212582 0.00919636120945 0.000619522952818 0.989752843712
0.496360754628 0.503639245372 0.308596624179 0.581117969201 0.110285406619 0.00104296262005 0.041996352616 0.00232795135229 0.954632733412
0.496501167155 0.503498832845 0.322484098907 0.581298656159 0.0962172449341 0.000427294014164 0.0710891487401 0.000128714914898 0.928354842331
0.488868051858 0.511131948142 0.352466762583 0.57335780968 0.0741754277374 0.000615382158769 0.319116490553 0.00110148493189 0.679166642356
0.494244608028 0.505755391972 0.310521890298 0.579555642678 0.109922467024 0.00061604503217 0.00342384826924 0.00193894240443 0.994021164294
0.494470745051 0.505529254949 0.32011369086 0.60682545073 0.0730608584092 0.00183896653952 0.167252393641 0.000496198339962 0.83041244148
0.482897413616 0.517102586384 0.287619804925 0.601357501042 0.111022694033 0.00184161060681 0.0217313160463 0.000411535267484 0.976015538079
0.496327714742 0.503672285258 0.331296398888 0.587127712799 0.0815758883136 0.000969091616303 0.0917537578992 0.00124042192502 0.906036728559
0.495907862762 0.504092137238 0.328473834927 0.56772853283 0.103797632243 0.00106709514551 0.00652299264812 0.00454028181625 0.98786963039
0.490295623653 0.509704376347 0.358227497669 0.554528839042 0.087243663289 0.000680016291005 0.420472760549 0.0014321207371 0.577415102423
0.488048672477 0.511951327523 0.292829342381 0.590635289074 0.116535368545 0.000728461808665 0.0905026965359 0.000398963666983 0.908369877988
0.50942473476 0.49057526524 0.336696963544 0.566351051548 0.0969519849074 0.00160422733176 0.00217504759307 0.0314040102718 0.964816714803
0.496004478046 0.503995521954 0.30880446104 0.574882557588 0.116312981372 0.000934162786725 0.0207401149205 0.00393014617025 0.974395576123
0.517113131752 0.482886868248 0.305817483297 0.630479742567 0.0637027741361 0.00491912564471 0.04731062068 0.023441282762 0.924328970913
0.491179247381 0.508820752619 0.300712942871 0.587732176016 0.111554881113 0.000659226200286 0.00313626864786 0.000222488842597 0.995982016309
0.489879313283 0.510120686717 0.288256443037 0.619369379022 0.0923741779415 0.00144747462838 0.0849018568339 0.000280161698977 0.913370506839
0.504477809685 0.495522190315 0.379264223894 0.566825408008 0.0539103680984 0.00156117677381 0.0179503768811 0.0591805925949 0.92130785375
0.484035982187 0.515964017813 0.275711308769 0.623730984732 0.100557706498 0.00308106881215 0.0845127313939 0.000983201861162 0.911422997933
0.493194151648 0.506805848352 0.33385760581 0.597626946405 0.0685154477844 0.000441669061236 0.244986057351 0.0083699799383 0.74620229365
0.511044421184 0.488955578816 0.344195393757 0.5631627048 0.092641901443 0.000433321472344 0.00122879848179 0.0185600759103 0.979777804136
0.490833828454 0.509166171546 0.3171656795 0.590408263746 0.0924260567541 0.000678565871383 0.0810051018673 0.000196820169224 0.918119512092
0.493003001352 0.506996998648 0.299670916435 0.593455952968 0.106873130597 0.000607626616452 0.0657835310841 0.02779827312 0.905810569179
0.497516519316 0.502483480684 0.308301581908 0.587862634825 0.103835783267 0.00516036747248 0.0102601911599 0.00454134970769 0.98003809166
0.486763216244 0.513236783756 0.291101992815 0.609199402157 0.0996986050279 0.000682978684862 0.0753538715896 0.000187512067444 0.923775637658
0.490809644812 0.509190355188 0.28368982464 0.61213187386 0.1041783015 0.00138506412032 0.0213369709695 0.00108477290768 0.976193192002
0.493503299345 0.506496700655 0.356807748194 0.579984252458 0.0632079993486 0.000397085743237 0.348096863736 0.000460888103672 0.651045162417
0.505898482618 0.494101517382 0.335749154316 0.559164102428 0.105086743256 0.000493869259872 0.00163741177231 0.0379132847891 0.959955434179
0.487986142202 0.512013857798 0.31622984456 0.597183866172 0.0865862892684 0.000348519981719 0.164551900878 0.000178886362298 0.834920692778
0.495317430849 0.504682569151 0.331142062514 0.591048320314 0.0778096171719 0.00102823748109 0.123948661631 0.000600362054863 0.874422738833
0.499562667649 0.500437332351 0.37534456063 0.557335450194 0.0673199891762 0.00584961534314 0.00465992019269 0.00782008304274 0.981670381421
0.491798779628 0.508201220372 0.314457488311 0.573351868904 0.112190642786 0.000441206648882 0.00133131541145 0.000146213831315 0.998081264108
0.498965829911 0.501034170089 0.31980900183 0.607346603145 0.072844395025 0.00119150258184 0.205835664434 0.000543426045263 0.792429406939
0.502954562819 0.497045437181 0.31269789087 0.589501874027 0.0978002351033 0.0102615389257 0.0170966015164 0.00739316290285 0.965248696655
0.491842975327 0.508157024673 0.321689553064 0.585580898087 0.0927295488494 0.000225255374545 0.0480498206827 9.73060209848e-005 0.951627617922
0.497121168527 0.502878831473 0.321147423045 0.576939943727 0.101912633228 0.000717868911467 0.0188696247793 0.00361896044684 0.976793545862
0.512064253816 0.487935746184 0.3374294838 0.584077123969 0.0784933922306 0.00243991149638 0.00661655502682 0.0121844027521 0.978759130725
0.482538147853 0.517461852147 0.296198933559 0.609159549557 0.0946415168844 0.000652239724392 0.262484216961 0.000709764653314 0.736153778662
0.491843695296 0.508156304704 0.303535490429 0.605282624654 0.0911818849173 0.00427161451134 0.03028106372 0.0543882962871 0.911059025482
0.484746229778 0.515253770222 0.281202311658 0.595176506984 0.123621181358 0.000842354784851 0.183374757348 0.0010478706218 0.814735017245
0.491987123426 0.508012876574 0.276873347315 0.63286629559 0.0902603570948 0.0264113366821 0.0708056142915 0.00460280514318 0.898180243883
0.493542896416 0.506457103584 0.291863347256 0.623012523678 0.0851241290669 0.0047261426023 0.0302144644168 0.00402004197477 0.961039351006
0.485035668001 0.514964331999 0.281504260468 0.62320031375 0.0952954257813 0.00198587440625 0.0598959159817 0.000734578480223 0.937383631132
0.487739553078 0.512260446922 0.301734707282 0.618293243618 0.0799720491002 0.00239619097093 0.14317881255 0.00119992463888 0.85322507184
0.464621749878 0.535378250122 0.249013231815 0.657395143488 0.0935916246976 0.00650208877111 0.714249470335 0.00126986657103 0.277978574322
0.482450622238 0.517549377762 0.257739405132 0.596539362655 0.145721232213 0.00181637543204 0.153636157951 0.000984810293119 0.843562656324
0.486035417223 0.513964582777 0.299144038391 0.62079233916 0.0800636224487 0.00101910166831 0.258896966924 0.000511840705228 0.739572090702
0.499251298474 0.500748701526 0.303547596226 0.60133713742 0.0951152663539 0.00416421561039 0.00299755973306 0.00941064879577 0.983427575861
0.485140151463 0.514859848537 0.285247151874 0.616349360481 0.0984034876447 0.00400897138982 0.128648935945 0.00102987801274 0.866312214653
0.487356818465 0.512643181535 0.294705534758 0.610215437295 0.0950790279473 0.00111018279943 0.0689095996209 0.000749310738219 0.929230906841
0.486077986784 0.513922013216 0.285639376627 0.590335706011 0.124024917362 0.000927341910537 0.0115549070779 0.00106062958575 0.986457121426
0.490333743142 0.509666256858 0.273739883503 0.607768348128 0.118491768369 0.0015950621338 0.0477300592694 0.00386919687395 0.946805681723
0.490580997457 0.509419002543 0.286367875786 0.608798691151 0.104833433063 0.000704213309787 0.0717560717023 0.000476004669883 0.927063710318
0.486496877769 0.513503122231 0.31758907381 0.598180982318 0.0842299438718 0.00102052711105 0.298798901174 0.00145546080978 0.698725110905
0.486735520862 0.513264479138 0.288273349677 0.596216110511 0.115510539813 0.00101586033383 0.00282463647937 0.00221431324008 0.993945189947
0.4885584052 0.5114415948 0.295402634969 0.628194632927 0.0764027321035 0.0039404409114 0.178710735153 0.00108302723357 0.816265796702
0.477995559985 0.522004440015 0.275580269178 0.612595861962 0.11182386886 0.0036568344556 0.0309608814158 0.000788034970086 0.964594249159
0.489983924657 0.510016075343 0.305072752559 0.610088040867 0.0848392065742 0.00172581618912 0.11190040872 0.00190297062816 0.884470804463
0.489835533569 0.510164466431 0.302085613793 0.590444710354 0.107469675853 0.00170529520341 0.00917454608125 0.00608549104529 0.98303466767
0.484555543928 0.515444456072 0.315666566828 0.584049795391 0.100283637781 0.0010728746858 0.368203189918 0.00185642977816 0.628867505618
0.482401693061 0.517598306939 0.275938570311 0.604173504935 0.119887924754 0.00154316262476 0.102814414299 0.00115731843858 0.894485104637
0.499712705336 0.500287294664 0.299434483136 0.601580624675 0.0989848921889 0.00158524781938 0.00287767916257 0.0391335517196 0.956403521298
0.488344063639 0.511655936361 0.283398034234 0.592889888931 0.123712076835 0.00147746577834 0.0269379336133 0.00447086949097 0.967113731117
0.507016029038 0.492983970962 0.294750970868 0.641885836583 0.063363192549 0.00587388105545 0.0570376655689 0.0162985303997 0.920789922976
0.488926785426 0.511073214574 0.290472439984 0.603232291465 0.106295268551 0.00127152742062 0.00339933424616 0.000489884096951 0.994839254236
0.483718424969 0.516281575031 0.277934907739 0.624831128306 0.0972339639551 0.00287413950402 0.107801853573 0.000658601573059 0.88866540535
0.492937007874 0.507062992126 0.333361220472 0.59713976378 0.069499015748 0.00187021000013 0.0193604852051 0.0720639732607 0.906705331534
0.477894103773 0.522105896227 0.26744699379 0.625037759842 0.107515246367 0.00639254037575 0.119518430241 0.0015624826077 0.872526546775
0.489637566191 0.510362433809 0.285841427658 0.632671915064 0.0814866572781 0.000839880124052 0.221882383298 0.00874665027876 0.768531086299
0.504416756642 0.495583243358 0.30091248881 0.591654377664 0.107433133526 0.00098548356771 0.00404242766097 0.0232901535928 0.971681935179
0.484731952643 0.515268047357 0.291746530258 0.614591020649 0.093662449093 0.00134887716081 0.0912232934072 0.00062546540962 0.906802364022
0.487004093811 0.512995906189 0.269030633835 0.613841903167 0.117127462998 0.00118218723042 0.0673098798978 0.0385583346158 0.892949598256
0.489604735618 0.510395264382 0.272397956378 0.619157639555 0.108444404067 0.00637352908876 0.0126166142413 0.00647903521363 0.974530821456
0.480367789848 0.519632210152 0.269418392155 0.622718642309 0.107862965536 0.00144979308139 0.0863145697751 0.000469819908595 0.911765817235
0.490418020016 0.509581979984 0.264277377274 0.625942063429 0.109780559297 0.0036858390972 0.0268136063867 0.00147094928082 0.968029605235
0.491055449957 0.508944550043 0.304074169007 0.622210787349 0.0737150436438 0.000992550654276 0.304851366602 0.000865825619398 0.693290257124
0.495912139166 0.504087860834 0.296612958241 0.582450672946 0.120936368814 0.000702475360714 0.00244738203829 0.0486844005343 0.948165742067
0.483645611895 0.516354388105 0.279528158082 0.62262382295 0.0978480189679 0.000922194199919 0.158441175563 0.000580451880259 0.840056178357
0.489533015443 0.510466984557 0.297271435499 0.614125999287 0.0886025652132 0.00157948955604 0.125452128213 0.00161024718734 0.871358135044
0.493985025579 0.506014974421 0.332821661649 0.593957365099 0.0732209732524 0.00604619192162 0.0062649000854 0.0106731477501 0.977015760243
0.488749352958 0.511250647042 0.295309792272 0.597814687282 0.106875520447 0.000810987986114 0.00171433849287 0.000515878468945 0.996958795052
0.494164561684 0.505835438316 0.284679941504 0.636580363447 0.0787396950496 0.00297336916055 0.185578222382 0.00104555905631 0.810402849402
0.496821072819 0.503178927181 0.280927991543 0.624602945762 0.0944690626953 0.0120697832367 0.0209930265634 0.0098288156286 0.957108374571
0.484262746404 0.515737253596 0.271613318603 0.616891511876 0.111495169521 0.000839340093951 0.0386348876328 0.000430857423484 0.96009491485
0.490607735057 0.509392264943 0.298250165073 0.594711855475 0.107037979451 0.0014859504372 0.0290581834466 0.00428856581874 0.965167300298
0.50170569407 0.49829430593 0.297199894109 0.611938053523 0.0908620523681 0.00291369315131 0.00774571843952 0.0150209025813 0.974319685828
0.480633752178 0.519366247822 0.241059321686 0.645939225782 0.113001452533 0.00250471338478 0.25637287962 0.00195122679235 0.739171180203
0.492213456257 0.507786543743 0.237112590432 0.649812468844 0.113074940724 0.00884636310161 0.03010501844 0.0613306886327 0.899717929826
0.483148657189 0.516851342811 0.236808831215 0.626525573655 0.13666559513 0.00295580587811 0.163914785081 0.00413461985442 0.828994789186
0.49292434116 0.50707565884 0.217795688017 0.680199072989 0.102005238994 0.0588498829004 0.0853907615083 0.0094515647963 0.846307790795
0.49630133801 0.50369866199 0.226915283374 0.687504065795 0.0855806508316 0.0109937398597 0.0373745261715 0.00663975437172 0.944991979597
0.482049352936 0.517950647064 0.208274552256 0.674314320873 0.117411126872 0.00623940091226 0.0715156383003 0.00149094382368 0.920754016964
0.482215507001 0.517784492999 0.222259051247 0.678169661035 0.0995712877184 0.00698011549783 0.162696782561 0.00225427854599 0.828068823396
0.462794497543 0.537205502457 0.177205314468 0.706418123456 0.116376562077 0.0105611443468 0.714430540105 0.00164082878564 0.273367486763
0.479732255977 0.520267744023 0.192562241928 0.634288065942 0.17314969213 0.00590844841479 0.139816756876 0.0020052694946 0.852269525214
0.483323128514 0.516676871486 0.243700972249 0.661713439518 0.0945855882323 0.00449214778738 0.269117618157 0.00139887138851 0.724991362667
0.499139241579 0.500860758421 0.270657407555 0.630098470763 0.0992441216821 0.00645941795736 0.00294952575188 0.0114256113533 0.979165444937
0.484621561879 0.515378438121 0.228524472635 0.661040747496 0.110434779869 0.0144030566203 0.151145623669 0.00146896689037 0.832982352821
0.485558512731 0.514441487269 0.237994843198 0.655382184771 0.106622972032 0.00377360776507 0.0761412607305 0.00143843899631 0.918646692508
0.486095858066 0.513904141934 0.228007130188 0.638976555765 0.133016314047 0.00399488329192 0.0143894474625 0.00188236057333 0.979733308672
0.489466209244 0.510533790756 0.222219260737 0.648210268822 0.12957047044 0.00648572199145 0.0542528622905 0.00661261468196 0.932648801036
0.488704720337 0.511295279663 0.238716261602 0.649332641677 0.111951096721 0.00272996385878 0.0710494315131 0.000988482400221 0.925232122228
0.48500772724 0.51499227276 0.25661427994 0.647263843648 0.0961218764117 0.00568025326682 0.295787143503 0.00288204952539 0.695650553705
0.485689008234 0.514310991766 0.228486831576 0.646214856045 0.125298312379 0.00263122180834 0.00279282721971 0.0036490680457 0.990926882926
0.484425447151 0.515574552849 0.218585123222 0.687601420449 0.0938134563283 0.015343422401 0.228714337308 0.00191464561869 0.754027594672
0.476011048909 0.523988951091 0.204509923851 0.668851360031 0.126638716118 0.00877465873028 0.0392244138336 0.0013725416163 0.95062838582
0.487599974865 0.512400025135 0.239050783204 0.662455336697 0.098493880099 0.0061943014608 0.130782002473 0.00436840594304 0.858655290123
0.490147375962 0.509852624038 0.22986479292 0.652478796458 0.117656410621 0.00655102148634 0.0131691924242 0.0086445043852 0.971635281704
0.481575696312 0.518424303688 0.262077696202 0.623127160663 0.114795143134 0.00294595999663 0.352627278032 0.00245629152444 0.641970470447
0.481114108161 0.518885891839 0.222047533644 0.646130747418 0.131821718938 0.00471807769793 0.105056898432 0.00251694818653 0.887708075684
0.499084772909 0.500915227091 0.237999720347 0.654513213591 0.107487066062 0.0032019669774 0.00228474351643 0.0476777104465 0.94683557906
0.487884955329 0.512115044671 0.230533976717 0.638442501553 0.13102352173 0.00450298655664 0.0311196114647 0.00591330496833 0.95846409701
0.506013169384 0.493986830616 0.216822633052 0.701032988421 0.0821443785267 0.0181865806558 0.0654827327636 0.0170874763744 0.899243210206
0.487135703501 0.512864296499 0.225146370341 0.663007136572 0.111846493086 0.00318934634189 0.00434465411544 0.00147217352483 0.990993826018
0.479714447991 0.520285552009 0.21420433322 0.669055454557 0.116740212222 0.014494244411 0.129113056586 0.00117156505264 0.85522113395
0.492869719256 0.507130280744 0.259765568035 0.651274010012 0.088960421953 0.00612354212593 0.0215512793941 0.0952123321409 0.877112846339
0.474962285153 0.525037714847 0.212259295895 0.664676679763 0.123064024342 0.0185799278669 0.143720970919 0.00236833857656 0.835330762637
0.485463889587 0.514536110413 0.226801270231 0.67064772723 0.102551002539 0.00361230065477 0.22497676637 0.0110286391166 0.760382293859
0.50316752896 0.49683247104 0.237179359508 0.639574271851 0.123246368641 0.00304338866488 0.00394917740849 0.0309998123833 0.962007621543
0.48317427065 0.51682572935 0.23109284167 0.660600057605 0.108307100725 0.00445489281288 0.100309429663 0.00114018053402 0.89409549699
0.488120147159 0.511879852841 0.229252402249 0.646420343174 0.124327254577 0.0057791401643 0.0684711857591 0.0566904378062 0.86905923627
0.492409531713 0.507590468287 0.22402372864 0.660775396348 0.115200875013 0.0134278903944 0.0143102118769 0.0105469273396 0.961714970389
0.478981818366 0.521018181634 0.20941689049 0.661541761791 0.129041347719 0.00546837188292 0.088916360471 0.000803959984962 0.904811307661
0.476428331612 0.523571668388 0.20305779208 0.662938656227 0.134003551693 0.00568700354003 0.0295814266733 0.00310785145371 0.961623718333
0.486258977135 0.513741022865 0.242915350661 0.665046030841 0.0920386184982 0.00380094288051 0.304686651862 0.00184908130498 0.689663323952
0.493194531304 0.506805468696 0.239902543256 0.628332522641 0.131764934102 0.00252425858981 0.00311393004405 0.0653111969314 0.929050614435
0.482801582185 0.517198417815 0.227821533743 0.659441704856 0.1127367614 0.00304838312126 0.158486667608 0.00111429832063 0.83735065095
0.491856704995 0.508143295005 0.247304151023 0.656333308057 0.0963625409203 0.00920598080772 0.130857332357 0.00306641577277 0.856870271063
0.495881350027 0.504118649973 0.316097402051 0.609147475389 0.0747551225602 0.0105714367856 0.00646865908379 0.0135024931509 0.96945741098
0.487001814428 0.512998185572 0.227786945505 0.658486751549 0.113726302947 0.00265576919308 0.00222457419494 0.00192861762804 0.993191038984
0.489694992424 0.510305007576 0.220553794799 0.684940650682 0.0945055545186 0.0124590502037 0.189808715596 0.00177903095691 0.795953203244
0.496667357186 0.503332642814 0.223643299043 0.671916791138 0.104439909819 0.0253297546865 0.0260799859687 0.0150204355887 0.933569823756
0.484913143117 0.515086856883 0.233824226372 0.644169909994 0.122005863635 0.00266823383879 0.0334176510295 0.000827080569977 0.963087034562
0.489915246547 0.510084753453 0.230353734046 0.649751464533 0.119894801421 0.00388676927817 0.0390714036578 0.00631225539181 0.950729571672
0.512312669175 0.487687330825 0.25825618615 0.662573446887 0.0791703669629 0.00429055489579 0.00733033350403 0.0154582003203 0.97292091128
0.479178396604 0.520821603396 0.21687319194 0.653692891652 0.129433916409 0.00540224372677 0.252975050839 0.00409090402138 0.737531801413
0.494018653137 0.505981346863 0.227258986344 0.642115033499 0.130625980157 0.0165662248387 0.0331660586543 0.0610744129757 0.889193303531
0.482011294388 0.517988705612 0.219428048793 0.631657041976 0.14891490923 0.00534565664331 0.159521561597 0.00544932739864 0.829683454361
0.500591951867 0.499408048133 0.221741779013 0.672897005012 0.105361215975 0.110207366104 0.0855429763218 0.00937858562994 0.794871071945
0.495173012093 0.504826987907 0.22261423497 0.677384672264 0.100001092765 0.0191481317281 0.0425895751406 0.00888474335771 0.929377549774
0.484580708439 0.515419291561 0.192184577605 0.672162467038 0.135652955357 0.0158879389177 0.0859514994481 0.00208525672726 0.896075304907
0.484814641352 0.515185358648 0.208397881615 0.670408965906 0.121193152478 0.0137512715789 0.17074837162 0.00306545404856 0.812434902753
0.466254737189 0.533745262811 0.162573735377 0.70915636843 0.128269896194 0.0189441355788 0.675062631873 0.00247655633659 0.303516676211
0.483981667541 0.516018332459 0.18643397713 0.630427628045 0.183138394825 0.0121502842326 0.138551919074 0.00286114617823 0.846436650515
0.485396442477 0.514603557523 0.223225190392 0.67577941211 0.100995397498 0.0117748384749 0.27138096305 0.00207400989645 0.714770188578
0.497597713035 0.502402286965 0.258676194364 0.620871736649 0.120452068986 0.0095857993011 0.00344945474049 0.0141048920843 0.972859853874
0.485734084697 0.514265915303 0.217068882286 0.657255759583 0.125675358131 0.0260453381372 0.154666007206 0.00199335463254 0.817295300025
0.484885263933 0.515114736067 0.219263552867 0.655163569443 0.12557287769 0.00683556572997 0.0785175124915 0.00231141228926 0.912335509489
0.484307041853 0.515692958147 0.218513336611 0.628032001383 0.153454662007 0.00921706002703 0.0173986660661 0.00265882297608 0.970725450931
0.490255790543 0.509744209457 0.227579075337 0.634152198885 0.138268725778 0.0130724228696 0.058908660614 0.00904364624665 0.91897527027
0.484421061429 0.515578938571 0.214803641281 0.658518610174 0.126677748544 0.00484242806499 0.0714747493421 0.00156837904261 0.92211444355
0.48137416993 0.51862583007 0.245373607841 0.643490373043 0.111136019117 0.00979000056931 0.309495650252 0.00441656489344 0.676297784286
0.486877080741 0.513122919259 0.210767243682 0.656185053195 0.133047703123 0.00545026460248 0.00419025280974 0.00489161859728 0.98546786399
0.484928687173 0.515071312827 0.206496205768 0.685277199387 0.108226594845 0.0294980274689 0.251216179526 0.00273869990715 0.716547093098
0.480143108241 0.519856891759 0.18924876484 0.674576679673 0.136174555488 0.0244648777191 0.0512067880345 0.0020885026233 0.922239831623
0.485490780983 0.514509219017 0.221743425735 0.659006915002 0.119249659263 0.0114007701436 0.140274551109 0.00604208347302 0.842282595275
0.490316447696 0.509683552304 0.227637591744 0.647351751355 0.125010656902 0.0178919371653 0.0218104933136 0.0114650732093 0.948832496312
0.478240847251 0.521759152749 0.241172136346 0.633970875356 0.124856988298 0.00506447517353 0.356045133594 0.00331704447252 0.63557334676
0.48158683685 0.51841316315 0.21664240475 0.643105345575 0.140252249675 0.00810060075972 0.107585680677 0.00389261370907 0.880421104855
0.495290120328 0.504709879672 0.234690544574 0.632032437912 0.133277017514 0.0053543366481 0.00299334950907 0.0599411638988 0.931711149944
0.487484992572 0.512515007428 0.230228999895 0.628444264232 0.141326735872 0.00794858439436 0.036731648573 0.00794090583916 0.947378861193
0.509122315663 0.490877684337 0.21116660967 0.682636439505 0.106196950824 0.0331761266239 0.0685424153564 0.0170870930971 0.881194364923
0.490009483868 0.509990516132 0.213595287635 0.673690018138 0.112714694226 0.00844673395365 0.00650750197992 0.00192928719438 0.983116476872
0.483259268727 0.516740731273 0.194906514563 0.671587676781 0.133505808656 0.0365565400244 0.139081885839 0.00200810728042 0.822353466856
0.491893768535 0.508106231465 0.249869147874 0.642504070772 0.107626781355 0.0106618998624 0.0228048707762 0.101421662136 0.865111567225
0.479458301638 0.520541698362 0.19865795501 0.669954484197 0.131387560793 0.0408076810389 0.168172573387 0.00368519664548 0.787334548929
0.484909642812 0.515090357188 0.201461627783 0.677195025161 0.121343347056 0.0079073719122 0.220750825927 0.0121499711617 0.759191830999
0.498123043206 0.501876956794 0.232775516594 0.624683782091 0.142540701315 0.00543446695288 0.00553179131772 0.0406831542513 0.948350587478
0.481818437437 0.518181562563 0.216380668961 0.653911016893 0.129708314146 0.00845179776011 0.107046093948 0.00188707595828 0.882615032333
0.486656377113 0.513343622887 0.223340650467 0.641799538083 0.13485981145 0.0108152751139 0.0753395744396 0.0813393243828 0.832505826064
0.491525411803 0.508474588197 0.215514363086 0.646808013592 0.137677623323 0.0248211041555 0.0165469249981 0.0137942402167 0.94483773063
0.479248955721 0.520751044279 0.196986224885 0.649069913984 0.153943861131 0.0116847516278 0.0926525698878 0.00125257531202 0.894410103172
0.479833855524 0.520166144476 0.18944974608 0.660522948506 0.150027305414 0.0187251183284 0.039709512871 0.00415988849741 0.937405480303
0.48427124421 0.51572875579 0.219729641441 0.666427854624 0.113842503936 0.00643625883756 0.299033267136 0.00237125325594 0.69215922077
0.492091999471 0.507908000529 0.242435388302 0.610538157827 0.147026453871 0.00449694803671 0.00469134060314 0.0728252151638 0.917986496196
0.481615522069 0.518384477931 0.207062270552 0.666057572145 0.126880157304 0.00654049389264 0.159827041231 0.00206225127009 0.831570213606
0.492506288814 0.507493711186 0.240224743046 0.658720007818 0.101055249136 0.0210423318028 0.133162162678 0.00433922879672 0.841456276722
0.496711263314 0.503288736686 0.311781640886 0.601177699742 0.0870406593726 0.0198038662968 0.00686972389953 0.0144106345415 0.958915775262
0.489539020325 0.510460979675 0.215083570558 0.667347243398 0.117569186044 0.00572114956847 0.0034718391316 0.00301806210517 0.987788949195
0.490350485619 0.509649514381 0.204618352454 0.687990092055 0.107391555491 0.0259506012986 0.189750546086 0.00249336440712 0.781805488208
0.495972829183 0.504027170817 0.220999192059 0.660791560263 0.118209247678 0.0444011896837 0.0315292267456 0.0171500589643 0.906919524606
0.480371925595 0.519628074405 0.201477911342 0.648591534767 0.149930553891 0.00416300401566 0.0314192668001 0.00137185465485 0.963045874529
0.48917579714 0.51082420286 0.222950020739 0.643924110071 0.13312586919 0.0110479683433 0.0504200797026 0.00812097734613 0.930410974608
0.500469589143 0.499530410857 0.252021658421 0.64393017452 0.104048167059 0.00633477216493 0.00814083693041 0.02139960989 0.964124781015
