9
0.502414534821 0.497585465179 0.39817900656 0.571191658857 0.0306293345829 3.27394552061e-005 0.424809397907 0.000425145211177 0.574732717426
0.580238214079 0.419761785921 0.318019605629 0.653538978092 0.0284414162785 0.00820145433904 0.00983097957466 0.142894193409 0.839073372677
0.514482209332 0.485517790668 0.394530497125 0.576910232753 0.0285592701223 4.57302840549e-005 0.281299044936 0.000292165703684 0.718363059077
0.556446155263 0.443553844737 0.22952842915 0.71759986966 0.0528717011905 0.0335896336942 0.00910391331577 0.0068856625037 0.950420790486
0.539028865216 0.460971134784 0.286021275928 0.68043053943 0.0335481846424 0.00334658283105 0.0143337371593 0.00185476281063 0.980464917199
0.505619166885 0.494380833115 0.277557759037 0.668917953919 0.053524287045 0.000478131537305 0.0136119473679 0.000136352708575 0.985773568386
0.511239509297 0.488760490703 0.289913199344 0.658268839406 0.0518179612492 0.000168048951671 0.154115716531 2.47130811281e-005 0.845691521436
0.477392930175 0.522607069825 0.232328989734 0.716078390948 0.0515926193176 0.00128976134884 0.285275879046 0.000205395249933 0.713228964355
0.523725816117 0.476274183883 0.35787327612 0.613043582682 0.0290831411981 0.000321543835593 0.410126504912 9.83233216275e-005 0.589453627931
0.500175729681 0.499824270319 0.39893903094 0.570070676248 0.0309902928126 9.08351893224e-005 0.451104797363 3.64107298972e-005 0.548767956718
0.569869223634 0.430130776366 0.334304090431 0.638144898594 0.0275510109742 0.00686130579802 0.00199942259378 0.0107127281215 0.980426543487
0.516383259577 0.483616740423 0.296211970875 0.660511661684 0.043276367441 0.000424219454825 0.0193397605891 3.33416628374e-005 0.980202678293
0.512165312291 0.487834687709 0.295116834219 0.649468426456 0.0554147393256 0.000116999077336 0.0223334947624 0.000103299818281 0.977446206342
0.516085026279 0.483914973721 0.309345255783 0.634194199062 0.0564605451549 6.1129887076e-005 0.00673013087639 0.000211707182447 0.992997032054
0.523914086114 0.476085913886 0.318696422951 0.629171400917 0.0521321761313 7.27402186583e-005 0.0319524716594 0.0014453422309 0.966529445891
0.507317552475 0.492682447525 0.358651010491 0.600189434356 0.0411595551529 2.79487576996e-005 0.11426500226 0.000102187645339 0.885604861337
0.504274964561 0.495725035439 0.385492448235 0.584391928797 0.0301156229676 0.000391212686883 0.430982354376 0.000470904160136 0.568155528777
0.50790238304 0.49209761696 0.273986612751 0.643612047715 0.0824013395345 0.00016299128064 0.00183600921911 0.00120155555645 0.996799443944
0.497338162931 0.502661837069 0.30990719037 0.643207291843 0.0468855177872 0.000310341792849 0.179295724849 4.24596980266e-005 0.82035147366
0.49169443111 0.50830556889 0.270204321701 0.677754052134 0.0520416261644 0.000816001349803 0.0113043070137 0.000204371652226 0.987675319984
0.517595891783 0.482404108217 0.296573659132 0.647660655155 0.0557656857135 0.000103908193552 0.00609037237209 0.00267563598398 0.99113008345
0.53403995167 0.46596004833 0.319443572494 0.63899725215 0.0415591753553 0.00016572658582 0.00341281143591 0.00436140343439 0.992060058544
0.504008092976 0.495991907024 0.403757743569 0.565932870662 0.0303093857689 0.000146345752134 0.561726746328 0.00069722900161 0.437429678919
0.512493566552 0.487506433448 0.311313582715 0.64295896511 0.0457274521751 0.000193724598318 0.0478092875459 9.50404377326e-005 0.951901947418
0.603297939386 0.396702060614 0.273828855625 0.701826454652 0.0243446897224 0.00769572374107 0.00487697212893 0.0285731000683 0.958854204062
0.52656821678 0.47343178322 0.327633386404 0.629710689816 0.0426559237804 0.000612306179931 0.00644934550341 0.00293739211249 0.990000956204
0.641844274809 0.358155725191 0.20883578567 0.752811889221 0.0383523251097 0.0225465648855 0.00626564885496 0.064 0.90718778626
0.502331781909 0.497668218091 0.262206043125 0.658544811705 0.0792491451699 0.000157929451985 0.0013098854547 7.89647259924e-005 0.998453220367
0.507047033167 0.492952966833 0.291158774169 0.666588015914 0.0422532099174 0.000530118829387 0.0353780417292 6.62155861242e-005 0.964025623855
0.535424578599 0.464575421401 0.369389272568 0.600972439391 0.0296382880416 0.00154597755583 0.00497401474484 0.06285651434 0.930623493359
0.503049284291 0.496950715709 0.273398884354 0.680662778516 0.0459383371301 0.00071672993831 0.0147242356325 0.000663403124161 0.983895631305
0.497884454742 0.502115545258 0.405724276418 0.559004984521 0.0352707390611 3.71665155077e-005 0.316297471725 0.00355846723477 0.680106894525
0.55030014418 0.44969985582 0.367912806691 0.609673702814 0.0224134904954 0.000169827538402 0.00106922031831 0.0112398103477 0.987521141796
0.510739710614 0.489260289386 0.282299386366 0.662707963211 0.0549926504227 0.000135301789067 0.02337931007 2.66408173822e-005 0.976458747324
0.531982825988 0.468017174012 0.390406991859 0.584777979708 0.0248150284334 0.000112844000712 0.083041115647 0.0451526863812 0.871693353971
0.571172697747 0.428827302253 0.257674654268 0.700371065808 0.0419542799237 0.0164886698922 0.00221771346607 0.00756579191843 0.973727824723
0.51430514183 0.48569485817 0.309488678422 0.647931717532 0.0425796040459 0.00025779143968 0.0252989160888 0.000196083266113 0.974247209205
0.498173642211 0.501826357789 0.276067980072 0.677748100128 0.0461839198002 0.000562098007777 0.0175614161184 0.000523396177734 0.981353089696
0.496134353966 0.503865646034 0.41614866602 0.554709790757 0.0291415432222 4.28929655536e-005 0.551565923189 0.000218424178435 0.448172759667
0.543104156962 0.456895843038 0.34409929358 0.622789112727 0.0331115936929 0.000279163127175 0.00139924095032 0.0327751212561 0.965546474666
0.505078980167 0.494921019833 0.369958357002 0.591775748581 0.0382658944167 2.42586355021e-005 0.216537157593 9.88653824237e-005 0.783339718389
0.517799115215 0.482200884785 0.386891520805 0.584613987994 0.0284944912005 0.00024200945351 0.177092663187 0.000180159741638 0.822485167618
0.527286655185 0.472713344815 0.372644146517 0.594110500683 0.0332453528001 0.00669879014654 0.00306414071477 0.00836478273796 0.981872286401
0.512894852173 0.487105147827 0.276260938251 0.641483975972 0.0822550857773 3.09026958388e-005 0.00455393363225 7.3042735619e-005 0.995342120936
0.502203130366 0.497796869634 0.370538678427 0.588185065826 0.0412762557466 8.14896304445e-005 0.325520029957 0.000261445897676 0.674137034515
0.576767747528 0.423232252472 0.26536034306 0.702422312975 0.0322173439653 0.0138565136297 0.00530477499803 0.00962968152085 0.971209029851
0.527421160427 0.472578839573 0.367727356614 0.597665634548 0.0346070088379 7.61596535637e-005 0.0525526177219 2.94811562182e-005 0.947341741468
0.51784511496 0.48215488504 0.321768389449 0.627347201373 0.0508844091786 0.000112688850231 0.00124257667555 0.0043455905667 0.994299143908
0.628027266811 0.371972733189 0.2690855935 0.71172587021 0.0191885362908 0.0131949439934 0.0153118898366 0.0101805227281 0.961312643442
