9
0.496933393998 0.503066606002 0.358806251392 0.603673601945 0.0375201466628 3.96788207303e-005 0.357046656247 0.000175720491806 0.642737944441
0.531033833594 0.468966166406 0.329630293669 0.634125429838 0.0362442764936 0.0058474698845 0.024677838158 0.100387305917 0.869087386041
0.506795428589 0.493204571411 0.348248695585 0.610968094151 0.0407832102644 0.000159613304416 0.258003582672 0.000220007527709 0.741616796496
0.518313352712 0.481686647288 0.228636754014 0.706716962902 0.0646462830837 0.0297205460882 0.0142759233298 0.00338403216627 0.952619498416
0.512412253051 0.487587746949 0.289240549131 0.651067056971 0.0596923938981 0.00364455763759 0.0114192921159 0.00134679679588 0.983589353451
0.498662956009 0.501337043991 0.277387566113 0.664504727995 0.0581077058917 0.000427530473215 0.0182674374247 0.000100815046086 0.981204217056
0.508671029449 0.491328970551 0.269549449719 0.660446101023 0.0700044492575 0.000230724054031 0.136764829264 2.09749140029e-005 0.862983471768
0.476273905301 0.523726094699 0.207467938741 0.736350386632 0.0561816746274 0.00160207365842 0.271259825538 8.21576235086e-005 0.72705594318
0.502431190067 0.497568809933 0.29778305546 0.653680296992 0.0485366475479 0.000276527011445 0.294118488419 0.000399806294872 0.705205178275
0.493217823859 0.506782176141 0.347193447329 0.613834701111 0.0389718515603 0.000108990663935 0.368273264693 1.47842225527e-005 0.63160296042
0.533325693433 0.466674306567 0.327603649133 0.622241006434 0.050155344433 0.00423789749951 0.0015010156573 0.00817469305578 0.986086393787
0.507617957779 0.492382042221 0.259835574519 0.684929212145 0.0552352133356 0.000779225476611 0.0431119010245 6.14626216835e-005 0.956047410877
0.506425654075 0.493574345925 0.277175568887 0.650892982399 0.0719314487148 0.000141423367525 0.0345783221445 8.80036238966e-005 0.965192250864
0.507944955339 0.492055044661 0.283054965852 0.642345194572 0.0745998395755 8.98443870933e-005 0.00703376327785 0.000267104934602 0.9926092874
0.511053434903 0.488946565097 0.288505435361 0.642638862297 0.0688557023422 0.000108453008215 0.0352706194953 0.00130462589294 0.963316301604
0.5059277003 0.4940722997 0.340323993447 0.605289834192 0.054386172361 2.86851967938e-005 0.0864533584437 8.41432439286e-006 0.913509542035
0.498585120906 0.501414879094 0.336233832257 0.627660668283 0.0361054994602 0.000484870286492 0.369398832219 0.00073087415118 0.629385423343
0.503227270846 0.496772729154 0.287168437011 0.626226105377 0.0866054576121 0.000163025144748 0.00137442737418 0.00126908804988 0.997193459431
0.503215394667 0.496784605333 0.282541223306 0.660340844863 0.057117931831 0.000533856034167 0.169399077918 3.06461558075e-005 0.830036419892
0.487496511448 0.512503488552 0.265461551757 0.669969806192 0.064568642051 0.000796072302096 0.012322295625 0.000205665738112 0.986675966335
0.520268466078 0.479731533922 0.290504086208 0.656826498879 0.0526694149129 0.000471880759759 0.0349941402116 0.00146210756197 0.963071871467
0.513492642026 0.486507357974 0.289326703044 0.646888296264 0.0637850006926 0.000324498928022 0.00368376487401 0.00432028200205 0.991671454196
0.50011468683 0.49988531317 0.354421476825 0.607030719578 0.038547803597 0.000282612232632 0.502392004064 0.000725437737988 0.496599945965
0.502254525376 0.497745474624 0.267485491833 0.665088686911 0.0674258212563 0.000295643840923 0.0616746666843 0.000159256421299 0.937870433053
0.545432900674 0.454567099326 0.297152822888 0.653151400881 0.0496957762313 0.00307660256768 0.00233628344922 0.0275257344598 0.967061379523
0.512603023448 0.487396976552 0.296368826028 0.641045357545 0.0625858164278 0.000676360686027 0.00997994866335 0.00236290814775 0.986980782503
0.583814711503 0.416185288497 0.24212157173 0.704981979606 0.0528964486639 0.0126952052538 0.00566671791605 0.0534933778471 0.928144698983
0.498092599717 0.501907400283 0.268619005739 0.642014067335 0.089366926926 0.000189128140763 0.00169785490003 0.000137547738737 0.99797546922
0.502468739283 0.497531260717 0.271113719256 0.67910628109 0.0497799996533 0.000650775214323 0.0516730366755 5.27053690687e-005 0.947623482741
0.517867224798 0.482132775202 0.367024884605 0.593210324429 0.039764790966 0.00101814951915 0.00673254322411 0.0683672047189 0.923882102538
0.501468613209 0.498531386791 0.250631604055 0.696311349632 0.0530570463129 0.00119859555868 0.0327940765484 0.000553937356223 0.965453390537
0.496867780597 0.503132219403 0.378945866635 0.58454363215 0.0365105012157 2.90195553952e-005 0.289768777229 0.00522951314018 0.704972690075
0.528189235435 0.471810764565 0.343493736516 0.612006431019 0.0444998324643 0.000337815508669 0.000553723681602 0.0123185159618 0.986789944848
0.50568590685 0.49431409315 0.274734891646 0.662822815048 0.0624422933058 0.000268554441401 0.0465349932455 6.54460403415e-005 0.953131006273
0.514709270296 0.485290729704 0.337541821486 0.622003915656 0.0404542628583 0.000141483447689 0.0718677484516 0.0386992704629 0.889291497638
0.523882715829 0.476117284171 0.244442719522 0.684930098684 0.0706271817938 0.00857529886159 0.00234224448671 0.00500741256424 0.984075044087
0.503098423378 0.496901576622 0.299706137659 0.647492758363 0.0528011039783 0.000369937755351 0.0447763812965 5.43018372295e-005 0.954799379111
0.487815946833 0.512184053167 0.279346288827 0.662521316036 0.0581323951367 0.000349092432403 0.0144189720101 0.000462547472934 0.984769388085
0.490668951813 0.509331048187 0.384676323933 0.582436270728 0.0328874053388 4.37091843924e-005 0.456462489181 0.00055154089253 0.542942260743
0.524861838582 0.475138161418 0.324455971569 0.622235090754 0.053308937677 0.000145774909107 0.000932382091913 0.031511916738 0.967409926261
0.498578666002 0.501421333998 0.332433194753 0.622006857433 0.0455599478134 4.01290857142e-005 0.182547593096 6.15312647618e-005 0.817350746554
0.509208433374 0.490791566626 0.322330257551 0.63773192929 0.0399378131591 0.0002709145426 0.146782117237 0.000171853901865 0.852775114319
0.511963248774 0.488036751226 0.356334609869 0.599016200968 0.0446491891636 0.00768538555904 0.00218175946693 0.0056493392695 0.984483515705
0.509622898076 0.490377101924 0.282926232221 0.630137443566 0.0869363242122 0.000114012085281 0.00157948449853 0.000100108172442 0.998206395244
0.50211429192 0.49788570808 0.338187367366 0.613611868134 0.0482007645 0.000192414809995 0.268457886138 0.000321654800399 0.731028044252
0.528587766631 0.471412233369 0.24929935392 0.685693626811 0.0650070192697 0.0151222083209 0.00437509114773 0.00719779249787 0.973304908034
0.514612784488 0.485387215512 0.35911371431 0.59862757395 0.0422587117408 5.95649445844e-005 0.0664426716323 1.04094077914e-005 0.933487354015
0.5140564531 0.4859435469 0.289054153886 0.64556116526 0.065384680854 0.000157876506547 0.00365395647372 0.0039292196069 0.992258947413
0.553210826148 0.446789173852 0.303220682648 0.658147985465 0.0386313318869 0.00544854033206 0.00554163988207 0.00817946046594 0.98083035932
