9
0.494147642696 0.505852357304 0.323392379916 0.628527537089 0.0480800829944 3.88286319508e-005 0.347089141008 0.00016378622932 0.65270824413
0.517104280126 0.482895719874 0.308323702432 0.643787517952 0.0478887796163 0.00480710490104 0.0300303849089 0.110315045637 0.854847464553
0.504217992631 0.495782007369 0.309899983944 0.635077591058 0.0550224249982 0.00022930285264 0.247553718169 0.000142608932962 0.752074370046
0.50898118203 0.49101881797 0.197947646483 0.721667831844 0.0803845216722 0.0242701038757 0.0179960960635 0.00270362729061 0.95503017277
0.506347391961 0.493652608039 0.256373208843 0.666676459277 0.0769503318805 0.00290039312879 0.010839529385 0.00121072273025 0.985049354756
0.4972514132 0.5027485868 0.212203421166 0.71258546186 0.0752111169747 0.000375605092784 0.0193021233974 0.000117595986993 0.980204675523
0.504054332939 0.495945667061 0.227057653703 0.695773062419 0.0771692838784 0.000326447909045 0.134616611321 5.25318474325e-005 0.865004408923
0.47885131905 0.52114868095 0.178233455137 0.759624244636 0.0621423002273 0.0019740880211 0.28241372602 0.000286536840343 0.715325649119
0.497057047118 0.502942952882 0.25061952742 0.68022476908 0.0691557034996 0.000284597879008 0.270999370722 0.000363652845399 0.728352378553
0.491323334367 0.508676665633 0.306425057536 0.642765699776 0.0508092426889 0.000131893897122 0.34731856826 3.39338667353e-005 0.652515603976
0.526944613268 0.473055386732 0.286076822393 0.653527615252 0.0603955623551 0.00276066781869 0.0011336075584 0.00673877299842 0.989366951624
0.501079934119 0.498920065881 0.216278191333 0.711802640948 0.0719191677195 0.000629207086374 0.0490609315329 7.90149369888e-005 0.950230846444
0.503297454108 0.496702545892 0.239964105215 0.676006390112 0.084029504673 9.74387040536e-005 0.0355668773754 6.50563802513e-005 0.96427062754
0.504475492738 0.495524507262 0.245777829607 0.664488934975 0.0897332354188 5.90954146686e-005 0.00657692568318 0.000288779593014 0.993075199309
0.503234819225 0.496765180775 0.244007866618 0.668744183877 0.0872479495044 0.00012714960567 0.0361671223324 0.000646852797402 0.963058875265
0.504567886093 0.495432113907 0.303640990193 0.629841507689 0.0665175021182 4.46298829748e-005 0.075214003803 1.54623216606e-005 0.924725903992
0.495956647546 0.504043352454 0.297155100936 0.65250266511 0.0503422339543 0.000438685550874 0.359283466166 0.000761883005906 0.639515965277
0.502606152314 0.497393847686 0.261213654916 0.643976931775 0.0948094133088 0.000151081293539 0.00153914067793 0.00147658357982 0.996833194449
0.502424716293 0.497575283707 0.238214648888 0.693965772845 0.0678195782663 0.000416748112828 0.165782838543 4.00824930652e-005 0.833760330851
0.487054641706 0.512945358294 0.217856562887 0.696667910666 0.085475526447 0.000686863941404 0.0128317303805 0.000178144475865 0.986303261202
0.512685056199 0.487314943801 0.250024638011 0.687028762358 0.062946599631 0.000349308023849 0.0396386602553 0.00119518137572 0.958816850345
0.511243419403 0.488756580597 0.246804068331 0.677051534577 0.076144397092 0.00030870608459 0.00355549188841 0.00448662393009 0.991649178097
0.496604078403 0.503395921597 0.326280934666 0.620867059011 0.0528520063229 0.000346644100456 0.492068856248 0.000977197503796 0.506607302147
0.49707239533 0.50292760467 0.234008355828 0.67992191645 0.0860697277222 0.000201074652862 0.0645727071148 8.71940018982e-005 0.93513902423
0.534463836298 0.465536163702 0.253630312303 0.681562088886 0.0648075988103 0.00183571183435 0.00200194474633 0.0301024566722 0.966059886747
0.505981757577 0.494018242423 0.251955033842 0.667767362752 0.0802776034059 0.000484863592216 0.0107695955569 0.00258467253468 0.986160868316
0.556396092411 0.443603907589 0.225366676644 0.712953640462 0.0616796828939 0.00731085653124 0.00602283962375 0.0430578609849 0.94360844286
0.49826458118 0.50173541882 0.233756642605 0.667123070288 0.099120287107 0.000144448694265 0.000842278301772 0.000101724432581 0.998911548571
0.4973742628 0.5026257372 0.210270986848 0.722707392615 0.0670216205367 0.000455270403938 0.0545586533226 5.07191421494e-005 0.944935357131
0.51116359356 0.48883640644 0.345215844518 0.611002260172 0.04378189531 0.000609230977515 0.00878496026836 0.0648906204754 0.925715188279
0.496346577549 0.503653422451 0.206043975203 0.725527633732 0.0684283910652 0.00146329788647 0.0423781424663 0.000641806429519 0.955516753218
0.49641017543 0.50358982457 0.32512362027 0.631047565771 0.0438288139594 4.03178050987e-005 0.274748482693 0.00631253634552 0.718898663157
0.522485921472 0.477514078528 0.296899218768 0.641739428447 0.0613613527849 0.000243015258554 0.000313115813906 0.0157554892629 0.983688379665
0.501051883053 0.498948116947 0.228568136137 0.693296467723 0.0781353961398 0.000185592358112 0.0491430323533 4.89315265536e-005 0.950622443762
0.505852936569 0.494147063431 0.292275750139 0.645692110284 0.0620321395768 9.92966204053e-005 0.0722678235294 0.0270176688064 0.900615211044
0.516378142654 0.483621857346 0.212267960253 0.702635810015 0.0850962297327 0.0062348350531 0.00235389342231 0.00421590112363 0.987195370401
0.500112826231 0.499887173769 0.241973984311 0.689596148757 0.0684298669317 0.000260399305871 0.0474912577347 4.45446446428e-005 0.952203798315
0.489809994028 0.510190005972 0.221211025225 0.702691260622 0.0760977141527 0.000449992009488 0.0154539311919 0.000274761476198 0.983821315322
0.492281835389 0.507718164611 0.337237420281 0.619961322326 0.0428012573929 5.1584268693e-005 0.4285515769 0.000649540689461 0.570747298142
0.517160449856 0.482839550144 0.277511388716 0.653370888748 0.0691177225368 0.000101094778688 0.000737214232278 0.0363116892004 0.962850001789
0.495853168949 0.504146831051 0.293569848287 0.647518160284 0.0589119914289 2.91511094055e-005 0.174473162288 3.90967820262e-005 0.82545858982
0.502134275235 0.497865724765 0.280064893441 0.66576448551 0.054170621049 0.000278261726277 0.144102316759 0.000171945481279 0.855447476034
0.506296451091 0.493703548909 0.314304664644 0.63078991841 0.0549054169468 0.00462284893969 0.00224418963857 0.00656175610111 0.986571205321
0.507261344372 0.492738655628 0.257575209266 0.646408578324 0.0960162124093 6.95931030451e-005 0.00106895006277 4.45395859489e-005 0.998816917248
0.503778326243 0.496221673757 0.28636930763 0.655767684565 0.0578630078054 0.000202780444795 0.247014590109 7.39420406435e-005 0.752708687406
0.52169202582 0.47830797418 0.211106957702 0.705768547355 0.0831244949432 0.0110736664342 0.00427602723433 0.00656264201347 0.978087664318
0.509250915102 0.490749084898 0.312495333795 0.634415612411 0.0530890537936 4.8896567461e-005 0.0619114667183 1.31442385648e-005 0.938026492476
0.510002113089 0.489997886911 0.249310058972 0.67350259929 0.0771873417375 0.000131311099899 0.00387495231208 0.0039090549521 0.992084681636
0.538621371769 0.461378628231 0.266086255992 0.683830391398 0.0500833526095 0.00335005703073 0.00381268395402 0.00936819519666 0.983469063819
