9
0.584026811789 0.415973188211 0.332574275333 0.64006675326 0.0273589714079 0.0138288958847 0.0150328232911 0.215405390016 0.755732890809
0.580238214079 0.419761785921 0.318019605629 0.653538978092 0.0284414162785 0.00820145433904 0.00983097957466 0.142894193409 0.839073372677
0.549440091931 0.450559908069 0.33431891384 0.635732446411 0.0299486397488 0.00514421149024 0.0239554467594 0.0987215781567 0.872178763594
0.531033833594 0.468966166406 0.329630293669 0.634125429838 0.0362442764936 0.0058474698845 0.024677838158 0.100387305917 0.869087386041
0.517104280126 0.482895719874 0.308323702432 0.643787517952 0.0478887796163 0.00480710490104 0.0300303849089 0.110315045637 0.854847464553
0.505690466884 0.494309533116 0.318944965694 0.622034533683 0.0590205006223 0.00364630689594 0.0346793025687 0.0878010940256 0.87387329651
0.502954703758 0.497045296242 0.347726586805 0.582984746126 0.0692886670696 0.00413309804892 0.0333436532746 0.0640607150567 0.89846253362
0.491843695296 0.508156304704 0.303535490429 0.605282624654 0.0911818849173 0.00427161451134 0.03028106372 0.0543882962871 0.911059025482
0.492213456257 0.507786543743 0.237112590432 0.649812468844 0.113074940724 0.00884636310161 0.03010501844 0.0613306886327 0.899717929826
0.494018653137 0.505981346863 0.227258986344 0.642115033499 0.130625980157 0.0165662248387 0.0331660586543 0.0610744129757 0.889193303531
