9
0.552526408148 0.447473591852 0.264313886088 0.683582856628 0.0521032572842 0.0376444477066 0.00743744499355 0.0103545125999 0.9445635947
0.556446155263 0.443553844737 0.22952842915 0.71759986966 0.0528717011905 0.0335896336942 0.00910391331577 0.0068856625037 0.950420790486
0.529228060315 0.470771939685 0.238564985156 0.702823632413 0.0586113824317 0.0309399768476 0.0113115180336 0.00506586056452 0.952682644554
0.518313352712 0.481686647288 0.228636754014 0.706716962902 0.0646462830837 0.0297205460882 0.0142759233298 0.00338403216627 0.952619498416
0.50898118203 0.49101881797 0.197947646483 0.721667831844 0.0803845216722 0.0242701038757 0.0179960960635 0.00270362729061 0.95503017277
0.500237809085 0.499762190915 0.245561802354 0.669893879999 0.0845443176476 0.0135931901988 0.0438469563132 0.00189240204422 0.940667451444
0.498606940522 0.501393059478 0.303087941087 0.609351701486 0.0875603574274 0.0202832724099 0.0563095001994 0.00248552525881 0.920921702132
0.491987123426 0.508012876574 0.276873347315 0.63286629559 0.0902603570948 0.0264113366821 0.0708056142915 0.00460280514318 0.898180243883
0.49292434116 0.50707565884 0.217795688017 0.680199072989 0.102005238994 0.0588498829004 0.0853907615083 0.0094515647963 0.846307790795
0.500591951867 0.499408048133 0.221741779013 0.672897005012 0.105361215975 0.110207366104 0.0855429763218 0.00937858562994 0.794871071945
