9
0.509692261889 0.490307738111 0.314727562885 0.639307155342 0.0459652817735 0.000281484288305 0.16616775381 4.87184345143e-005 0.833502043468
0.511239509297 0.488760490703 0.289913199344 0.658268839406 0.0518179612492 0.000168048951671 0.154115716531 2.47130811281e-005 0.845691521436
0.510105245221 0.489894754779 0.289215002632 0.654990754945 0.0557942424229 0.000228696474935 0.13602956014 8.96848921315e-006 0.863732774895
0.508671029449 0.491328970551 0.269549449719 0.660446101023 0.0700044492575 0.000230724054031 0.136764829264 2.09749140029e-005 0.862983471768
0.504054332939 0.495945667061 0.227057653703 0.695773062419 0.0771692838784 0.000326447909045 0.134616611321 5.25318474325e-005 0.865004408923
0.494660232328 0.505339767672 0.257657544367 0.659597277457 0.0827451781756 0.000311738366491 0.137284538407 -3.1488723888e-006 0.862406872099
0.495496222204 0.504503777796 0.321690731629 0.598215966228 0.080093302143 0.000919237167673 0.136065037151 0.00133849899781 0.861677226684
0.487739553078 0.512260446922 0.301734707282 0.618293243618 0.0799720491002 0.00239619097093 0.14317881255 0.00119992463888 0.85322507184
0.482215507001 0.517784492999 0.222259051247 0.678169661035 0.0995712877184 0.00698011549783 0.162696782561 0.00225427854599 0.828068823396
0.484814641352 0.515185358648 0.208397881615 0.670408965906 0.121193152478 0.0137512715789 0.17074837162 0.00306545404856 0.812434902753
