9
0.520764669601 0.479235330399 0.388010170607 0.585477408055 0.0265124213385 0.000228931664844 0.436540520905 0.000677335008382 0.562553212422
0.523725816117 0.476274183883 0.35787327612 0.613043582682 0.0290831411981 0.000321543835593 0.410126504912 9.83233216275e-005 0.589453627931
0.511445888876 0.488554111124 0.33444644978 0.623447720286 0.0421058299344 0.000322157630076 0.340213945708 0.000534864270447 0.658929032391
0.502431190067 0.497568809933 0.29778305546 0.653680296992 0.0485366475479 0.000276527011445 0.294118488419 0.000399806294872 0.705205178275
0.497057047118 0.502942952882 0.25061952742 0.68022476908 0.0691557034996 0.000284597879008 0.270999370722 0.000363652845399 0.728352378553
0.493239466605 0.506760533395 0.261899357884 0.652410326543 0.0856903155733 0.000240722094102 0.217660773126 0.000364872619396 0.781733632161
0.492124300221 0.507875699779 0.296232702421 0.59205927021 0.111708027369 0.000747231969165 0.177805655045 0.000505830995077 0.820941281991
0.482450622238 0.517549377762 0.257739405132 0.596539362655 0.145721232213 0.00181637543204 0.153636157951 0.000984810293119 0.843562656324
0.479732255977 0.520267744023 0.192562241928 0.634288065942 0.17314969213 0.00590844841479 0.139816756876 0.0020052694946 0.852269525214
0.483981667541 0.516018332459 0.18643397713 0.630427628045 0.183138394825 0.0121502842326 0.138551919074 0.00286114617823 0.846436650515
