9
0.577151793883 0.422848206117 0.365530890546 0.607015671725 0.0274534377288 0.0170486858047 0.00181119105902 0.0261231857182 0.955016937418
0.569869223634 0.430130776366 0.334304090431 0.638144898594 0.0275510109742 0.00686130579802 0.00199942259378 0.0107127281215 0.980426543487
0.541647177597 0.458352822403 0.353192268386 0.61242054379 0.0343871878237 0.00504786206833 0.00213029041416 0.00717352141637 0.985648326101
0.533325693433 0.466674306567 0.327603649133 0.622241006434 0.050155344433 0.00423789749951 0.0015010156573 0.00817469305578 0.986086393787
0.526944613268 0.473055386732 0.286076822393 0.653527615252 0.0603955623551 0.00276066781869 0.0011336075584 0.00673877299842 0.989366951624
0.515151103312 0.484848896688 0.317120738248 0.608916870669 0.0739623910831 0.00377929848471 0.00178429110115 0.00645743446129 0.987978975953
0.50723256159 0.49276743841 0.346900662629 0.565781013233 0.0873183241381 0.00413571379301 0.00225229953484 0.00784406049719 0.985767926175
0.499251298474 0.500748701526 0.303547596226 0.60133713742 0.0951152663539 0.00416421561039 0.00299755973306 0.00941064879577 0.983427575861
0.499139241579 0.500860758421 0.270657407555 0.630098470763 0.0992441216821 0.00645941795736 0.00294952575188 0.0114256113533 0.979165444937
0.497597713035 0.502402286965 0.258676194364 0.620871736649 0.120452068986 0.0095857993011 0.00344945474049 0.0141048920843 0.972859853874
