9
0.51286038722 0.48713961278 0.330270363989 0.630097857578 0.0396317784334 0.000328317657185 0.0176453630057 3.31843494312e-006 0.982023000902
0.516383259577 0.483616740423 0.296211970875 0.660511661684 0.043276367441 0.000424219454825 0.0193397605891 3.33416628374e-005 0.980202678293
0.509589871216 0.490410128784 0.292705805549 0.66133517058 0.0459590238708 0.000536445612217 0.0281058026793 2.99138973182e-005 0.971327837811
0.507617957779 0.492382042221 0.259835574519 0.684929212145 0.0552352133356 0.000779225476611 0.0431119010245 6.14626216835e-005 0.956047410877
0.501079934119 0.498920065881 0.216278191333 0.711802640948 0.0719191677195 0.000629207086374 0.0490609315329 7.90149369888e-005 0.950230846444
0.495771779633 0.504228220367 0.240185230418 0.673234677536 0.0865800920459 0.00182023103029 0.0741709986091 0.000165684310649 0.92384308605
0.491299313035 0.508700686965 0.297725519231 0.605567039025 0.0967074417443 0.00245188761011 0.10295288323 0.000466799389588 0.89412842977
0.485140151463 0.514859848537 0.285247151874 0.616349360481 0.0984034876447 0.00400897138982 0.128648935945 0.00102987801274 0.866312214653
0.484621561879 0.515378438121 0.228524472635 0.661040747496 0.110434779869 0.0144030566203 0.151145623669 0.00146896689037 0.832982352821
0.485734084697 0.514265915303 0.217068882286 0.657255759583 0.125675358131 0.0260453381372 0.154666007206 0.00199335463254 0.817295300025
