9
0.502837600651 0.497162399349 0.406731189863 0.564088277947 0.0291805321894 0.00044585180494 0.471042431919 0.000429204740794 0.528082511535
0.504274964561 0.495725035439 0.385492448235 0.584391928797 0.0301156229676 0.000391212686883 0.430982354376 0.000470904160136 0.568155528777
0.502268823787 0.497731176213 0.363212468732 0.603656592635 0.0331309386328 0.00031970927029 0.389354181714 0.000592713186312 0.60973339583
0.498585120906 0.501414879094 0.336233832257 0.627660668283 0.0361054994602 0.000484870286492 0.369398832219 0.00073087415118 0.629385423343
0.495956647546 0.504043352454 0.297155100936 0.65250266511 0.0503422339543 0.000438685550874 0.359283466166 0.000761883005906 0.639515965277
0.491581194224 0.508418805776 0.314859311441 0.619238715178 0.0659019733812 0.000243640988847 0.329242925737 0.000152602089492 0.670360831185
0.488868051858 0.511131948142 0.352466762583 0.57335780968 0.0741754277374 0.000615382158769 0.319116490553 0.00110148493189 0.679166642356
0.486496877769 0.513503122231 0.31758907381 0.598180982318 0.0842299438718 0.00102052711105 0.298798901174 0.00145546080978 0.698725110905
0.48500772724 0.51499227276 0.25661427994 0.647263843648 0.0961218764117 0.00568025326682 0.295787143503 0.00288204952539 0.695650553705
0.48137416993 0.51862583007 0.245373607841 0.643490373043 0.111136019117 0.00979000056931 0.309495650252 0.00441656489344 0.676297784286
