9
0.505417111853 0.494582888147 0.27327719594 0.647161472466 0.0795613315936 0.000177114502366 0.0018993010457 0.00114908433242 0.99677450012
0.50790238304 0.49209761696 0.273986612751 0.643612047715 0.0824013395345 0.00016299128064 0.00183600921911 0.00120155555645 0.996799443944
0.506178272792 0.493821727208 0.282579365131 0.636467093111 0.0809535417582 0.000221350131638 0.00170569807321 0.00109242800261 0.996980523793
0.503227270846 0.496772729154 0.287168437011 0.626226105377 0.0866054576121 0.000163025144748 0.00137442737418 0.00126908804988 0.997193459431
0.502606152314 0.497393847686 0.261213654916 0.643976931775 0.0948094133088 0.000151081293539 0.00153914067793 0.00147658357982 0.996833194449
0.496999258022 0.503000741978 0.277370553332 0.620238702349 0.10239074432 0.000117106783876 0.00133633068329 0.00166576191644 0.996880800616
0.494244608028 0.505755391972 0.310521890298 0.579555642678 0.109922467024 0.00061604503217 0.00342384826924 0.00193894240443 0.994021164294
0.486735520862 0.513264479138 0.288273349677 0.596216110511 0.115510539813 0.00101586033383 0.00282463647937 0.00221431324008 0.993945189947
0.485689008234 0.514310991766 0.228486831576 0.646214856045 0.125298312379 0.00263122180834 0.00279282721971 0.0036490680457 0.990926882926
0.486877080741 0.513122919259 0.210767243682 0.656185053195 0.133047703123 0.00545026460248 0.00419025280974 0.00489161859728 0.98546786399
