9
0.496004356741 0.503995643259 0.332400861523 0.625381984036 0.0422171544406 0.000465470975822 0.197857991792 2.52515900085e-006 0.801674012074
0.497338162931 0.502661837069 0.30990719037 0.643207291843 0.0468855177872 0.000310341792849 0.179295724849 4.24596980266e-005 0.82035147366
0.503190056158 0.496809943842 0.297326280754 0.652632632909 0.0500410863365 0.000284894192504 0.168645635083 2.20741262957e-005 0.831047396598
0.503215394667 0.496784605333 0.282541223306 0.660340844863 0.057117931831 0.000533856034167 0.169399077918 3.06461558075e-005 0.830036419892
0.502424716293 0.497575283707 0.238214648888 0.693965772845 0.0678195782663 0.000416748112828 0.165782838543 4.00824930652e-005 0.833760330851
0.497909732006 0.502090267994 0.267115549673 0.663096174521 0.0697882758053 0.000462784090303 0.164780166884 0.000134053694054 0.834622995332
0.494470745051 0.505529254949 0.32011369086 0.60682545073 0.0730608584092 0.00183896653952 0.167252393641 0.000496198339962 0.83041244148
0.4885584052 0.5114415948 0.295402634969 0.628194632927 0.0764027321035 0.0039404409114 0.178710735153 0.00108302723357 0.816265796702
0.484425447151 0.515574552849 0.218585123222 0.687601420449 0.0938134563283 0.015343422401 0.228714337308 0.00191464561869 0.754027594672
0.484928687173 0.515071312827 0.206496205768 0.685277199387 0.108226594845 0.0294980274689 0.251216179526 0.00273869990715 0.716547093098
