9
0.615800007397 0.384199992603 0.293823631467 0.686162654285 0.0200137142479 0.0171783881083 0.00625901557151 0.0466158986393 0.929946697681
0.603297939386 0.396702060614 0.273828855625 0.701826454652 0.0243446897224 0.00769572374107 0.00487697212893 0.0285731000683 0.958854204062
0.546451103957 0.453548896043 0.326853179072 0.642416519183 0.0307303017449 0.00367105188845 0.00302064716181 0.0199603198461 0.973347981104
0.545432900674 0.454567099326 0.297152822888 0.653151400881 0.0496957762313 0.00307660256768 0.00233628344922 0.0275257344598 0.967061379523
0.534463836298 0.465536163702 0.253630312303 0.681562088886 0.0648075988103 0.00183571183435 0.00200194474633 0.0301024566722 0.966059886747
0.523537115244 0.476462884756 0.287792035518 0.626147161537 0.0860608029454 0.00124109182217 0.00208598243508 0.028116740517 0.968556185226
0.50942473476 0.49057526524 0.336696963544 0.566351051548 0.0969519849074 0.00160422733176 0.00217504759307 0.0314040102718 0.964816714803
0.499712705336 0.500287294664 0.299434483136 0.601580624675 0.0989848921889 0.00158524781938 0.00287767916257 0.0391335517196 0.956403521298
0.499084772909 0.500915227091 0.237999720347 0.654513213591 0.107487066062 0.0032019669774 0.00228474351643 0.0476777104465 0.94683557906
0.495290120328 0.504709879672 0.234690544574 0.632032437912 0.133277017514 0.0053543366481 0.00299334950907 0.0599411638988 0.931711149944
