9
0.52948701116 0.47051298884 0.364713639754 0.602642400515 0.0326439597309 0.000171621494889 0.00587920847791 0.00311544593454 0.990833724093
0.52656821678 0.47343178322 0.327633386404 0.629710689816 0.0426559237804 0.000612306179931 0.00644934550341 0.00293739211249 0.990000956204
0.518990690944 0.481009309056 0.321471357045 0.628799390335 0.0497292526197 0.000789125343651 0.0102146606067 0.00222775561336 0.986768458436
0.512603023448 0.487396976552 0.296368826028 0.641045357545 0.0625858164278 0.000676360686027 0.00997994866335 0.00236290814775 0.986980782503
0.505981757577 0.494018242423 0.251955033842 0.667767362752 0.0802776034059 0.000484863592216 0.0107695955569 0.00258467253468 0.986160868316
0.503453010539 0.496546989461 0.263056483919 0.638582130652 0.098361385429 0.000619465086993 0.0145125353023 0.00298339214856 0.981884607462
0.496004478046 0.503995521954 0.30880446104 0.574882557588 0.116312981372 0.000934162786725 0.0207401149205 0.00393014617025 0.974395576123
0.488344063639 0.511655936361 0.283398034234 0.592889888931 0.123712076835 0.00147746577834 0.0269379336133 0.00447086949097 0.967113731117
0.487884955329 0.512115044671 0.230533976717 0.638442501553 0.13102352173 0.00450298655664 0.0311196114647 0.00591330496833 0.95846409701
0.487484992572 0.512515007428 0.230228999895 0.628444264232 0.141326735872 0.00794858439436 0.036731648573 0.00794090583916 0.947378861193
