9
0.563397140757 0.436602859243 0.305704743531 0.65436592956 0.0399293269091 0.0311895457711 0.00267207691712 0.0119723554902 0.954166021822
0.571172697747 0.428827302253 0.257674654268 0.700371065808 0.0419542799237 0.0164886698922 0.00221771346607 0.00756579191843 0.973727824723
0.53145244572 0.46854755428 0.272723903723 0.672859360923 0.0544167353537 0.00958527628037 0.0027368267872 0.00585915809387 0.981818738839
0.523882715829 0.476117284171 0.244442719522 0.684930098684 0.0706271817938 0.00857529886159 0.00234224448671 0.00500741256424 0.984075044087
0.516378142654 0.483621857346 0.212267960253 0.702635810015 0.0850962297327 0.0062348350531 0.00235389342231 0.00421590112363 0.987195370401
0.507957124668 0.492042875332 0.265325788236 0.647237535832 0.0874366759326 0.00379019351562 0.00758367598779 0.00382834541148 0.984797785085
0.497516519316 0.502483480684 0.308301581908 0.587862634825 0.103835783267 0.00516036747248 0.0102601911599 0.00454134970769 0.98003809166
0.489604735618 0.510395264382 0.272397956378 0.619157639555 0.108444404067 0.00637352908876 0.0126166142413 0.00647903521363 0.974530821456
0.492409531713 0.507590468287 0.22402372864 0.660775396348 0.115200875013 0.0134278903944 0.0143102118769 0.0105469273396 0.961714970389
0.491525411803 0.508474588197 0.215514363086 0.646808013592 0.137677623323 0.0248211041555 0.0165469249981 0.0137942402167 0.94483773063
