9
0.491221683981 0.508778316019 0.281709934946 0.671994331707 0.0462957333471 0.000884365170479 0.0212154304222 8.16696067725e-005 0.977818534801
0.498173642211 0.501826357789 0.276067980072 0.677748100128 0.0461839198002 0.000562098007777 0.0175614161184 0.000523396177734 0.981353089696
0.492265845132 0.507734154868 0.288766503781 0.66125865745 0.0499748387695 0.00044838078283 0.0166049798394 0.000181999579746 0.982764639798
0.487815946833 0.512184053167 0.279346288827 0.662521316036 0.0581323951367 0.000349092432403 0.0144189720101 0.000462547472934 0.984769388085
0.489809994028 0.510190005972 0.221211025225 0.702691260622 0.0760977141527 0.000449992009488 0.0154539311919 0.000274761476198 0.983821315322
0.49322512047 0.50677487953 0.234931102064 0.676145604978 0.0889232929577 0.000540587649088 0.0175602572086 0.000486276273128 0.981412878869
0.490809644812 0.509190355188 0.28368982464 0.61213187386 0.1041783015 0.00138506412032 0.0213369709695 0.00108477290768 0.976193192002
0.490418020016 0.509581979984 0.264277377274 0.625942063429 0.109780559297 0.0036858390972 0.0268136063867 0.00147094928082 0.968029605235
0.476428331612 0.523571668388 0.20305779208 0.662938656227 0.134003551693 0.00568700354003 0.0295814266733 0.00310785145371 0.961623718333
0.479833855524 0.520166144476 0.18944974608 0.660522948506 0.150027305414 0.0187251183284 0.039709512871 0.00415988849741 0.937405480303
