9
0.538297183555 0.461702816445 0.385609468282 0.582367220264 0.0320233114539 0.000413377493339 0.00115795502652 0.050364818089 0.948063849391
0.543104156962 0.456895843038 0.34409929358 0.622789112727 0.0331115936929 0.000279163127175 0.00139924095032 0.0327751212561 0.965546474666
0.529607397411 0.470392602589 0.347759407967 0.612032750748 0.0402078412848 0.000289059566693 0.00130705195374 0.025738869243 0.972665019237
0.524861838582 0.475138161418 0.324455971569 0.622235090754 0.053308937677 0.000145774909107 0.000932382091913 0.031511916738 0.967409926261
0.517160449856 0.482839550144 0.277511388716 0.653370888748 0.0691177225368 0.000101094778688 0.000737214232278 0.0363116892004 0.962850001789
0.516669730674 0.483330269326 0.29165517664 0.623631154824 0.0847136685357 0.000153215612671 0.00111387750412 0.0357666526219 0.962966254261
0.505898482618 0.494101517382 0.335749154316 0.559164102428 0.105086743256 0.000493869259872 0.00163741177231 0.0379132847891 0.959955434179
0.495912139166 0.504087860834 0.296612958241 0.582450672946 0.120936368814 0.000702475360714 0.00244738203829 0.0486844005343 0.948165742067
0.493194531304 0.506805468696 0.239902543256 0.628332522641 0.131764934102 0.00252425858981 0.00311393004405 0.0653111969314 0.929050614435
0.492091999471 0.507908000529 0.242435388302 0.610538157827 0.147026453871 0.00449694803671 0.00469134060314 0.0728252151638 0.917986496196
