9
0.501320885855 0.498679114145 0.413110462244 0.557083502563 0.0298060351925 3.33570843065e-005 0.452402448301 9.67902282335e-005 0.547467404387
0.502414534821 0.497585465179 0.39817900656 0.571191658857 0.0306293345829 3.27394552061e-005 0.424809397907 0.000425145211177 0.574732717426
0.499581802711 0.500418197289 0.391037264647 0.57336300191 0.0355997334433 3.6198339646e-005 0.383554199987 0.000172474441843 0.616237127232
0.496933393998 0.503066606002 0.358806251392 0.603673601945 0.0375201466628 3.96788207303e-005 0.357046656247 0.000175720491806 0.642737944441
0.494147642696 0.505852357304 0.323392379916 0.628527537089 0.0480800829944 3.88286319508e-005 0.347089141008 0.00016378622932 0.65270824413
0.490779271807 0.509220728193 0.326731211601 0.608388097891 0.0648806905086 8.98572119888e-005 0.320093281589 0.000303227246275 0.679513633953
0.487246918947 0.512753081053 0.339345035111 0.580713800302 0.0799411645861 0.000280153125881 0.300137688372 0.000390683484835 0.699191475017
0.482538147853 0.517461852147 0.296198933559 0.609159549557 0.0946415168844 0.000652239724392 0.262484216961 0.000709764653314 0.736153778662
0.480633752178 0.519366247822 0.241059321686 0.645939225782 0.113001452533 0.00250471338478 0.25637287962 0.00195122679235 0.739171180203
0.479178396604 0.520821603396 0.21687319194 0.653692891652 0.129433916409 0.00540224372677 0.252975050839 0.00409090402138 0.737531801413
