9
0.500092468242 0.499907531758 0.280319204634 0.663632606048 0.0560481893183 0.000679201250523 0.0167609695956 0.000168424297131 0.982391404857
0.505619166885 0.494380833115 0.277557759037 0.668917953919 0.053524287045 0.000478131537305 0.0136119473679 0.000136352708575 0.985773568386
0.50363565645 0.49636434355 0.300768261435 0.649553587613 0.0496781509522 0.000502668707279 0.0152437544862 0.000115164732648 0.984138412074
0.498662956009 0.501337043991 0.277387566113 0.664504727995 0.0581077058917 0.000427530473215 0.0182674374247 0.000100815046086 0.981204217056
0.4972514132 0.5027485868 0.212203421166 0.71258546186 0.0752111169747 0.000375605092784 0.0193021233974 0.000117595986993 0.980204675523
0.492455960304 0.507544039696 0.237568251564 0.674340400941 0.0880913474951 0.000350800612705 0.0266449010832 0.00016593267618 0.972838365628
0.490774816052 0.509225183948 0.294755434804 0.609547284393 0.0956972808033 0.000885405487304 0.0423956926049 0.000364184164341 0.956354717743
0.485035668001 0.514964331999 0.281504260468 0.62320031375 0.0952954257813 0.00198587440625 0.0598959159817 0.000734578480223 0.937383631132
0.482049352936 0.517950647064 0.208274552256 0.674314320873 0.117411126872 0.00623940091226 0.0715156383003 0.00149094382368 0.920754016964
0.484580708439 0.515419291561 0.192184577605 0.672162467038 0.135652955357 0.0158879389177 0.0859514994481 0.00208525672726 0.896075304907
