9
0.473611320403 0.526388679597 0.25003322283 0.70782227043 0.0421445067397 0.00165758939143 0.311074275791 7.89328281632e-005 0.687189201989
0.477392930175 0.522607069825 0.232328989734 0.716078390948 0.0515926193176 0.00128976134884 0.285275879046 0.000205395249933 0.713228964355
0.465165653117 0.534834346883 0.206783846934 0.745853627187 0.047362525879 0.00161802313225 0.251310073108 8.45577060637e-005 0.746987346054
0.476273905301 0.523726094699 0.207467938741 0.736350386632 0.0561816746274 0.00160207365842 0.271259825538 8.21576235086e-005 0.72705594318
0.47885131905 0.52114868095 0.178233455137 0.759624244636 0.0621423002273 0.0019740880211 0.28241372602 0.000286536840343 0.715325649119
0.471114889713 0.528885110287 0.200530306241 0.728803332926 0.0706663608326 0.00271850379941 0.350488531858 0.000411894515063 0.646381069827
0.46883721052 0.53116278948 0.253511982365 0.655981496317 0.090506521318 0.00615261906105 0.540140919902 0.000770061276937 0.45293639976
0.464621749878 0.535378250122 0.249013231815 0.657395143488 0.0935916246976 0.00650208877111 0.714249470335 0.00126986657103 0.277978574322
0.462794497543 0.537205502457 0.177205314468 0.706418123456 0.116376562077 0.0105611443468 0.714430540105 0.00164082878564 0.273367486763
0.466254737189 0.533745262811 0.162573735377 0.70915636843 0.128269896194 0.0189441355788 0.675062631873 0.00247655633659 0.303516676211
