9
0.498991710157 0.501008289843 0.25968912927 0.661511474931 0.0787993957998 0.000274546391051 0.00160840452103 5.34515097622e-005 0.998063597578
0.502331781909 0.497668218091 0.262206043125 0.658544811705 0.0792491451699 0.000157929451985 0.0013098854547 7.89647259924e-005 0.998453220367
0.501287569146 0.498712430854 0.271187973529 0.649203804735 0.0796082217364 0.000232462089496 0.00140154327744 6.3193577727e-005 0.998302801055
0.498092599717 0.501907400283 0.268619005739 0.642014067335 0.089366926926 0.000189128140763 0.00169785490003 0.000137547738737 0.99797546922
0.49826458118 0.50173541882 0.233756642605 0.667123070288 0.099120287107 0.000144448694265 0.000842278301772 0.000101724432581 0.998911548571
0.492129277139 0.507870722861 0.254261667311 0.63735789754 0.10838043515 0.000221306156437 0.00137097288437 0.000138785216749 0.998268935742
0.491179247381 0.508820752619 0.300712942871 0.587732176016 0.111554881113 0.000659226200286 0.00313626864786 0.000222488842597 0.995982016309
0.488926785426 0.511073214574 0.290472439984 0.603232291465 0.106295268551 0.00127152742062 0.00339933424616 0.000489884096951 0.994839254236
0.487135703501 0.512864296499 0.225146370341 0.663007136572 0.111846493086 0.00318934634189 0.00434465411544 0.00147217352483 0.990993826018
0.490009483868 0.509990516132 0.213595287635 0.673690018138 0.112714694226 0.00844673395365 0.00650750197992 0.00192928719438 0.983116476872
