9
0.499960449527 0.500039550473 0.307208400492 0.650439653384 0.0423519461245 0.000767119913318 0.0370787011943 3.3445366463e-005 0.962120733526
0.507047033167 0.492952966833 0.291158774169 0.666588015914 0.0422532099174 0.000530118829387 0.0353780417292 6.62155861242e-005 0.964025623855
0.503842010203 0.496157989797 0.302184446392 0.655485502827 0.0423300507811 0.000500966443804 0.0371152444628 3.16866820875e-005 0.962352102411
0.502468739283 0.497531260717 0.271113719256 0.67910628109 0.0497799996533 0.000650775214323 0.0516730366755 5.27053690687e-005 0.947623482741
0.4973742628 0.5026257372 0.210270986848 0.722707392615 0.0670216205367 0.000455270403938 0.0545586533226 5.07191421494e-005 0.944935357131
0.492778050883 0.507221949117 0.231892390363 0.686626287477 0.0814813221603 0.000745081109794 0.0658958255807 0.00012845512748 0.933230638182
0.489879313283 0.510120686717 0.288256443037 0.619369379022 0.0923741779415 0.00144747462838 0.0849018568339 0.000280161698977 0.913370506839
0.483718424969 0.516281575031 0.277934907739 0.624831128306 0.0972339639551 0.00287413950402 0.107801853573 0.000658601573059 0.88866540535
0.479714447991 0.520285552009 0.21420433322 0.669055454557 0.116740212222 0.014494244411 0.129113056586 0.00117156505264 0.85522113395
0.483259268727 0.516740731273 0.194906514563 0.671587676781 0.133505808656 0.0365565400244 0.139081885839 0.00200810728042 0.822353466856
