9
0.497294361426 0.502705638574 0.290855922431 0.661209340622 0.0479347369462 0.001035095573 0.0136515954147 0.000723218690491 0.984590090322
0.503049284291 0.496950715709 0.273398884354 0.680662778516 0.0459383371301 0.00071672993831 0.0147242356325 0.000663403124161 0.983895631305
0.499493174295 0.500506825705 0.278105286457 0.674359328821 0.0475353847228 0.000887221819995 0.0191120521487 0.000529887310118 0.979470838721
0.501468613209 0.498531386791 0.250631604055 0.696311349632 0.0530570463129 0.00119859555868 0.0327940765484 0.000553937356223 0.965453390537
0.496346577549 0.503653422451 0.206043975203 0.725527633732 0.0684283910652 0.00146329788647 0.0423781424663 0.000641806429519 0.955516753218
0.488189498828 0.511810501172 0.226020674581 0.689121556889 0.0848577685306 0.00162320514213 0.0619353537507 0.000717707060848 0.935723734046
0.484035982187 0.515964017813 0.275711308769 0.623730984732 0.100557706498 0.00308106881215 0.0845127313939 0.000983201861162 0.911422997933
0.477894103773 0.522105896227 0.26744699379 0.625037759842 0.107515246367 0.00639254037575 0.119518430241 0.0015624826077 0.872526546775
0.474962285153 0.525037714847 0.212259295895 0.664676679763 0.123064024342 0.0185799278669 0.143720970919 0.00236833857656 0.835330762637
0.479458301638 0.520541698362 0.19865795501 0.669954484197 0.131387560793 0.0408076810389 0.168172573387 0.00368519664548 0.787334548929
