9
0.533654190774 0.466345809226 0.389952718676 0.580003083565 0.0300441977593 0.00178690287236 0.00824330551431 0.0672981414162 0.922671650197
0.535424578599 0.464575421401 0.369389272568 0.600972439391 0.0296382880416 0.00154597755583 0.00497401474484 0.06285651434 0.930623493359
0.528530595255 0.471469404745 0.371441670487 0.5945372956 0.0340210339127 0.00119883446649 0.0159095323991 0.0541473567365 0.928744276398
0.517867224798 0.482132775202 0.367024884605 0.593210324429 0.039764790966 0.00101814951915 0.00673254322411 0.0683672047189 0.923882102538
0.51116359356 0.48883640644 0.345215844518 0.611002260172 0.04378189531 0.000609230977515 0.00878496026836 0.0648906204754 0.925715188279
0.510203512398 0.489796487602 0.348146690997 0.603314508351 0.0485388006524 0.000612391454716 0.0123476914898 0.0615343269642 0.925505590091
0.504477809685 0.495522190315 0.379264223894 0.566825408008 0.0539103680984 0.00156117677381 0.0179503768811 0.0591805925949 0.92130785375
0.492937007874 0.507062992126 0.333361220472 0.59713976378 0.069499015748 0.00187021000013 0.0193604852051 0.0720639732607 0.906705331534
0.492869719256 0.507130280744 0.259765568035 0.651274010012 0.088960421953 0.00612354212593 0.0215512793941 0.0952123321409 0.877112846339
0.491893768535 0.508106231465 0.249869147874 0.642504070772 0.107626781355 0.0106618998624 0.0228048707762 0.101421662136 0.865111567225
