9
0.517891173644 0.482108826356 0.417565922761 0.558052403622 0.0243816736175 0.000278478438421 0.203601523267 0.000154163564262 0.79596583473
0.517799115215 0.482200884785 0.386891520805 0.584613987994 0.0284944912005 0.00024200945351 0.177092663187 0.000180159741638 0.822485167618
0.516642548895 0.483357451105 0.354998067804 0.609958910216 0.0350430219797 0.000270199098135 0.159051626899 0.000452261823784 0.840225912179
0.509208433374 0.490791566626 0.322330257551 0.63773192929 0.0399378131591 0.0002709145426 0.146782117237 0.000171853901865 0.852775114319
0.502134275235 0.497865724765 0.280064893441 0.66576448551 0.054170621049 0.000278261726277 0.144102316759 0.000171945481279 0.855447476034
0.500978447696 0.499021552304 0.291365513564 0.642053357755 0.0665811286812 0.000439941271991 0.126775977546 0.000354858290143 0.872429222891
0.495317430849 0.504682569151 0.331142062514 0.591048320314 0.0778096171719 0.00102823748109 0.123948661631 0.000600362054863 0.874422738833
0.489533015443 0.510466984557 0.297271435499 0.614125999287 0.0886025652132 0.00157948955604 0.125452128213 0.00161024718734 0.871358135044
0.491856704995 0.508143295005 0.247304151023 0.656333308057 0.0963625409203 0.00920598080772 0.130857332357 0.00306641577277 0.856870271063
0.492506288814 0.507493711186 0.240224743046 0.658720007818 0.101055249136 0.0210423318028 0.133162162678 0.00433922879672 0.841456276722
