9
0.515969226338 0.484030773662 0.358129513533 0.591929674788 0.0499408116785 0.000104879456289 0.00122858791653 0.00404631708781 0.994620215539
0.51784511496 0.48215488504 0.321768389449 0.627347201373 0.0508844091786 0.000112688850231 0.00124257667555 0.0043455905667 0.994299143908
0.5154572433 0.4845427567 0.312719932816 0.633877755008 0.0534023121757 0.000120437663631 0.00197601352853 0.00365150279229 0.994252046016
0.5140564531 0.4859435469 0.289054153886 0.64556116526 0.065384680854 0.000157876506547 0.00365395647372 0.0039292196069 0.992258947413
0.510002113089 0.489997886911 0.249310058972 0.67350259929 0.0771873417375 0.000131311099899 0.00387495231208 0.0039090549521 0.992084681636
0.502781858017 0.497218141983 0.2697780657 0.639987480256 0.0902344540445 0.00032584131266 0.0082063090915 0.00355134999929 0.987916499597
0.497121168527 0.502878831473 0.321147423045 0.576939943727 0.101912633228 0.000717868911467 0.0188696247793 0.00361896044684 0.976793545862
0.490607735057 0.509392264943 0.298250165073 0.594711855475 0.107037979451 0.0014859504372 0.0290581834466 0.00428856581874 0.965167300298
0.489915246547 0.510084753453 0.230353734046 0.649751464533 0.119894801421 0.00388676927817 0.0390714036578 0.00631225539181 0.950729571672
0.48917579714 0.51082420286 0.222950020739 0.643924110071 0.13312586919 0.0110479683433 0.0504200797026 0.00812097734613 0.930410974608
