9
0.628805481406 0.371194518594 0.306725602357 0.678031287918 0.0152431097244 0.00922933935654 0.0101587576056 0.0182209205564 0.962390982482
0.628027266811 0.371972733189 0.2690855935 0.71172587021 0.0191885362908 0.0131949439934 0.0153118898366 0.0101805227281 0.961312643442
0.567684488843 0.432315511157 0.314514253825 0.659706397557 0.025779348618 0.00791144124032 0.00707297250028 0.00690836514028 0.978107221119
0.553210826148 0.446789173852 0.303220682648 0.658147985465 0.0386313318869 0.00544854033206 0.00554163988207 0.00817946046594 0.98083035932
0.538621371769 0.461378628231 0.266086255992 0.683830391398 0.0500833526095 0.00335005703073 0.00381268395402 0.00936819519666 0.983469063819
0.533003590003 0.466996409997 0.290993325967 0.646482795177 0.0625238788555 0.00191487090119 0.00880633973805 0.0111482681784 0.978130521182
0.512064253816 0.487935746184 0.3374294838 0.584077123969 0.0784933922306 0.00243991149638 0.00661655502682 0.0121844027521 0.978759130725
0.50170569407 0.49829430593 0.297199894109 0.611938053523 0.0908620523681 0.00291369315131 0.00774571843952 0.0150209025813 0.974319685828
0.512312669175 0.487687330825 0.25825618615 0.662573446887 0.0791703669629 0.00429055489579 0.00733033350403 0.0154582003203 0.97292091128
0.500469589143 0.499530410857 0.252021658421 0.64393017452 0.104048167059 0.00633477216493 0.00814083693041 0.02139960989 0.964124781015
